,0,1,2,3,4,5,6,7,8,9,10,11,12,13,14,15,16,17,18,19,20,21,22,23,24,25,26,27,28,29,30,31,32,33,34,35,36,37,38,39,40,41,42,43,44,45,46,47,48,49,50,51,52,53,54,55,56,57,58,59,60,61,62,63,64,65,66,67,68,69,70,71,72,73,74,75,76,77,78,79,80,81,82,83,84,85,86,87,88,89,90,91,92,93,94,95,96,97,98,99,100,101,102,103,104,105,106,107,108,109,110,111,112,113,114,115,116,117,118,119,120,121,122,123,124,125,126,127,128,129,130,131,132,133,134,135,136,137,138,139,140,141,142,143,144,145,146,147,148,149,150,151,152,153,154,155,156,157,158,159,160,161,162,163,164,165,166,167,168,169,170,171,172,173,174,175,176,177,178,179,180,181,182,183,184,185,186,187,188,189,190,191,192,193,194,195,196,197,198,199,200,201,202,203,204,205,206,207,208,209,210,211,212,213,214,215,216,217,218,219,220,221,222,223,224,225,226,227,228,229,230,231,232,233,234,235,236,237,238,239,240,241,242,243,244,245,246,247,248,249,250,251,252,253,254,255,256,257,258,259,260,261,262,263,264,265,266,267,268,269,270,271,272,273,274,275,276,277,278,279,280,281,282,283,284,285,286,287,288,289,290,291,292,293,294,295,296,297,298,299,Stretchability
0,166.6,185.95,206,225.95,246.2,265.8,285,305.4,323.6,341.55,358.85,366.9,367.25,367.4,367.05,367,368.15,369.95,372,374.6,378.6,382.8,386,389.2,393.75,398.45,404,408.25,414.4,420.15,425.45,430,433.9,437.15,440.1,442.15,444.6,444.55,445.9,445.75,442.4,438.4,433.65,429.1,422.75,416.3,409.2,403.15,398.95,394.7,389.25,384.8,381.3,378.05,375.05,372.8,369.15,366.1,362.05,361.3,360.6,358.7,358,357.65,357.65,357.95,359,360.35,360.55,361.75,364.3,367.45,370.75,374.8,378.25,381.5,386.05,390.7,395.8,398.4,400.6,404.35,408.4,412.05,416.25,421,425.65,428.7,432.35,434.95,439.4,442.7,446.1,448.85,453.7,459.4,464.85,470.4,473.85,479.55,485.05,490.6,495.8,501.65,508.4,515.2,522.55,530.45,538.85,548.3,556.45,565.6,574.5,584.3,594,602.85,614.2,624.8,639.4,652.35,666.15,680.25,694.6,708.6,721.05,734.7,748.3,761.75,775.95,790.7,805.05,820.75,837.55,851.55,862.85,873.9,880.8,886.55,887.95,887.7,889.1,889.3,888.6,886.6,882.4,875.35,867.05,859.1,844,827.2,810.5,791.15,771.6,752.35,733.2,714,696.9,680.1,661.5,643,622.6,602.4,584.25,566.45,549.75,533,516.5,499.75,487.95,474.15,460.4,447.75,434.4,423.2,412.85,403,392.55,382.25,373.25,365.35,357.65,349.95,342,334.6,326.4,320.15,314.8,307.3,301.8,299,295.05,290.15,286,282.4,279.2,275.85,272.8,268.45,265.15,261.85,258.5,256.4,252.65,249.5,248.95,248.05,245.8,245.25,243.2,239.9,238.25,236.4,233.7,229.65,224.95,219.8,216.85,215.1,213.6,212.65,212.7,211.75,211,209.6,207.3,204.85,202.75,201.7,199.2,196.65,193.9,192.6,191.1,189.95,190.8,192.35,192.2,192.75,193.1,193.9,194.05,194.5,195.45,196.2,196.9,197.85,198.95,197.5,198.65,201.4,203.65,204.85,206.55,207.8,207.9,207.3,205.45,202.9,201.3,198.35,195.1,192.45,189.55,186.6,183.9,181,178.3,177.35,174.75,171.75,171.2,170.35,168.45,167.25,165.35,163.75,162.55,161.8,161.5,163.15,165.5,166.95,167.9,168.25,168.5,169.05,168.95,169.3,169.3,169.75,169.65,161,153.15,145.05,137,128.85,121,113.3,105.5,96.15,normal
1,163.35,181.65,201.75,222.3,242.85,262.65,281.9,302,319.95,338.1,355.5,364.3,364.4,363.75,365.85,366.85,367.75,369.85,371.85,375.7,378.25,382.55,385.65,388.35,392.15,396.9,401.85,406.4,412.85,418.35,423.6,428.3,432.9,437.15,437.5,439,441.5,441.45,442.25,441.35,439.05,435.6,430.7,426.2,420.45,413.55,406.55,400.9,395.9,390.85,385.5,380.6,377,372.85,370.1,366.3,363.25,360.9,359.85,358.8,358.2,356.65,356.1,355.6,355.35,356.1,357.65,358.3,359.25,361,363.95,367.1,370.1,374.7,378.3,383.3,387.4,390.65,393.2,395.85,399.15,402.3,405.95,409.55,414.25,418.75,423,426.2,429.85,432.55,435.8,439.45,442.75,445.65,450.45,455.5,460.9,466.85,470.3,476.7,482,488.5,494.55,500.2,506.7,513.75,521.5,529.2,537.6,546.85,555.4,565.6,577.5,586.7,596.4,606,616.9,627.7,642.6,653.3,665.55,678.75,692.75,706.9,719.45,733,746.25,759.45,773.3,788.3,803.05,817.5,831.9,847.3,859.05,869.6,877.85,884.3,886.15,888.7,890.05,888.9,886.6,885,880.7,874.5,866.75,859.25,844.25,827.15,810.3,791.65,770.9,751.05,732.15,712.85,694.3,677.2,658.3,639.3,620.5,602.1,585.6,567.5,551.2,534.15,517.95,501,489.85,478.05,465.1,452.65,440.75,428.95,417.55,405.75,395.75,385.15,376.25,368.2,360.7,353.6,344.95,337.15,330.1,324.15,318.6,311.85,303.95,297.05,292.3,286.9,282.15,278.05,274.1,271.3,267.25,261.8,258.85,255.75,252.9,249.5,246.35,243.6,240.45,237.9,234.6,233.55,232.75,232.45,231.1,230.2,228.25,225.35,222.05,219.5,217.3,217.1,216.8,216.45,216.4,216.9,217.3,217.25,215.7,214.25,214.25,213.65,211.75,208.65,205.5,202.45,200.1,198.55,197.25,196.1,194.85,193.3,191.5,190.6,189.65,188,186.4,185,186.15,186.95,186.4,186.45,187.65,190.35,193.75,196.75,199.4,201.15,203.25,204.15,204.75,205.35,204.65,202.6,200.35,198.75,197.2,195.15,192.15,188.95,186.3,183.4,180.65,179.1,176.3,174,171.6,169.95,168.05,166.1,163.95,161.95,161.05,161.5,161.35,161.45,161.25,161.35,160.95,161.3,161.5,161.7,162,161.2,161.4,153,144.8,136.45,128.25,120.45,112.5,104.6,96.95,88.9,normal
2,164.2,183.25,202.9,222.55,242.55,263.1,282.55,301.65,319,336.65,353.35,362.3,362.95,363.5,363.3,363.1,364.65,366.8,368.9,371,373.85,377.45,380.8,384.75,389.2,393.4,398.25,403.75,410.85,416.1,421.85,426.45,430.45,434.05,436.9,440.55,441.55,441.35,441.4,441.4,438,434.65,429.35,423.9,417.75,410.5,404,398.15,393.75,390.55,385.7,380.85,377.25,372.5,369.65,365.35,362.9,360.45,359.45,358.65,359.4,358.15,358.1,358,358.3,359.4,359.7,359.95,359.2,359.95,362.4,365.85,369.05,374.05,377.85,382.25,386.55,390.85,394.15,396.95,399,401.7,406,409.7,413.7,417.95,422.55,426.7,431.3,434.4,437.9,441.25,444.25,446.85,451.55,456.45,461.8,467.45,471.05,477.15,482.3,489.1,496.25,503.7,510.45,517.2,525.15,533.2,541.75,550.55,559.4,568.6,577.9,587.1,596.55,606.3,617.7,628.15,642.8,655.6,668.65,682.05,694.3,706.8,719.25,733.7,747.25,760.1,773.8,787.95,802.35,817.1,831.65,845.2,856.75,867.35,873.75,878.85,879.7,879.6,879.8,879.35,878.75,877.6,873.45,865.95,858.2,849.9,835.5,818.7,800.65,782.4,763.95,745.8,726.7,708.05,691.9,675.55,657.05,639.9,622.25,603.55,585.25,567.3,549.6,531,513.85,497.75,486.2,474,462.15,449.85,438.05,426.2,415.45,405.25,394.25,384.25,375.75,366.25,358.1,349.75,341.9,333.25,327.6,324,319.05,313.15,305.2,299.15,293.65,288.15,283.65,279.9,275.65,270.8,265.45,259.75,257,254.25,250.8,248.2,243.9,241.15,238.8,236.05,233.75,232.1,230.6,229.85,229.5,228.65,227,225.3,223.5,221.8,220.6,220.25,219.05,218.7,219.2,219.5,219.7,219.7,217.75,215.85,213.7,211.35,208.75,206.2,203.25,202.85,201.4,198.3,195.75,194,192.85,191.8,191.25,190.05,188.25,186.25,185.15,183.85,183.7,184.6,185.4,186.4,188.8,191.1,192.3,192.3,192.95,195.15,196.4,196.85,196.75,196.35,196.75,197.35,197.3,196.45,195.15,193.25,191.4,188.65,186.55,183.85,181.4,179.15,179.95,179.8,179.05,177.3,176.25,174.65,173.4,172.35,170.25,167.95,166.65,166.2,165.8,165.55,165.5,165.65,165.3,165.3,165.75,165.35,164.15,154.2,145.1,136.95,128.75,120.75,112.8,104.75,96.8,88.9,normal
3,166.7,185.4,205.45,225.6,245,264.6,283.8,303.3,320.9,339.3,356.7,365.25,366.4,366.25,365.75,365.85,365.6,367.3,369.35,372.05,375.75,379.8,382.65,385.75,390.35,396.65,403.2,409.4,415.8,420.6,425.85,430.65,434.9,438.35,441.6,444.15,447,446.85,447.5,447,442.75,438.65,433.3,428.15,422.45,414.65,406.75,400.1,396.25,392.65,387.65,382.85,378.7,374.9,371.3,368.35,364.9,361.65,358.6,357.65,358.6,358.1,358.2,357.45,357.7,358.3,359.2,360.1,359.95,361.05,363.25,366.55,369.75,373.85,378.1,381.65,385.85,390.1,395,398.1,399.9,402.85,406.95,411.65,415.75,419.45,423.45,426.75,430.65,433.6,436.9,440.3,444.4,447.15,451.55,456.8,462.35,467.9,471.6,477.45,482.6,488.65,494,499.1,505.8,513.25,521.25,529.15,537.75,546.55,555.6,564.7,572.7,582.15,591.8,601.2,612.75,624.05,638.4,651.5,664.8,679.75,693,706.6,721.45,735.75,748.8,761.8,775.9,791.1,805.5,821.1,838.4,853.8,866.4,876.55,882.95,888.65,890.2,890.1,890.1,888.8,887.9,887.1,880.4,873.25,866.45,858.45,843.95,826.55,808.75,790,769.65,749.5,726.75,707.9,690.7,673.9,655.25,636.45,617.9,597.85,580.65,562.65,546.3,528.9,511.75,495.65,483.6,470.6,458.5,446.2,433.6,422.5,415.9,406.6,397.55,387.1,378.1,369.85,362.2,355.35,347.5,339.45,332.4,326.9,320.15,312.9,306.9,303.45,299.45,294.05,288.6,283.85,277.6,272.25,266.4,260.75,257.25,254.5,251.6,248.65,245.25,243.3,241.45,239.45,238.5,237.9,236.15,233.45,231.5,230.55,229.15,226.55,224,221.7,220.35,219.1,219.3,218.7,218.2,217.9,217.75,215.85,213.55,211.75,209.7,208.3,205.55,203.15,200.65,197.95,195.95,194.4,195,195,193.65,193.25,191.4,190.2,189.1,188.05,188,189,189.85,190.55,191.5,191.45,192.85,194.1,196.05,198.6,200.65,201.75,200.95,199.75,199.1,199.05,198.3,197.25,195.9,194.15,191.45,188.4,185.4,182.15,179.45,176.7,173.95,172.35,171.75,169.85,167.65,166.6,165.45,164.8,164.25,162.9,162.75,162.4,162.35,162.6,163.7,163.75,165.25,166.75,167.5,169.8,172.3,173.65,173.4,164.75,156.95,148.85,140.95,133.1,124.75,116.85,108.75,100.9,normal
4,166.4,186.05,206,226.4,246.1,265.8,285.5,305.55,323.65,341.95,359,366.55,367,368.05,368.25,370.05,373.3,374.2,376.35,379.25,382.65,386.65,390.1,393.65,398.85,404,408.55,411.65,418.1,422.85,427.9,432.4,436.8,439.6,442.45,443,443.2,444.35,444.8,444.25,440.05,435.2,429.6,424.15,417.25,409.9,402.8,396.8,389.75,385.3,380.6,376.45,372.85,368.9,365.4,362.6,359.45,356.95,355.65,354.65,353.95,352.6,352.7,352.1,352.5,353.7,355.5,358.25,360.7,362.1,365.05,368,371.15,375.8,380.25,383.9,388,391.15,394.65,397.7,402.15,406.25,411.1,415.3,420.2,424,427.7,430.35,434.4,437.95,441.15,444.15,447.45,450.2,455.15,460.25,465.8,472.1,475.5,480.9,484.95,490.4,494.65,499.95,505.75,512.6,520.15,528.3,536.65,545.75,554.55,565,573.9,582.4,593.15,602.25,612.75,623.55,635.85,648.7,661.8,675.65,690,703.95,716.6,730.85,746.8,761.05,775.6,790.4,804.8,819.2,836.65,852.5,863,873.9,881.75,888.2,892.3,893.85,895.5,895.5,894.75,893.25,886.9,879.4,869.55,860.85,846.2,829,811.6,793.5,773.2,753.95,734.95,716.35,699.05,681.6,661.95,642.3,622.35,602.4,583.9,565.55,551.6,535.7,519.05,502.75,490.8,478.05,465.55,452.55,439.95,427.9,417.2,407.25,395.3,382.95,374.35,366.05,358.45,351.55,343.5,336.45,329.15,323.15,318.1,310.7,303.15,297.85,293.15,288.15,283.7,279.5,274.6,269.95,268.25,265.8,263.05,259.65,256.65,253.65,250.2,247.3,245.2,243.75,241.7,240.8,239,236.5,234.05,232,228.75,225.15,221.05,217.9,214.7,213.2,212.85,213.1,213.35,213.05,212.7,211.45,209.9,207.95,206.4,205.7,205.3,206.1,206.2,204.6,203.2,202.1,201.65,200.8,199.15,198.05,195.95,193.15,189.85,188.05,187.6,185.8,184.45,183.3,181.6,180.65,180.95,181.3,181.9,184.5,186.35,188.45,191,193.05,194.85,195.95,197.1,198,198.45,197.55,195.85,195.5,194.2,192.6,191.6,189.55,186.8,184.2,183.65,183.8,184.9,184.35,182.15,179.25,176.45,173.75,171.45,170.4,170.25,170.15,169.9,169.6,169.4,169.5,170.15,171.25,171.65,171.45,170.65,159.6,148.65,139.1,130.65,122.7,114.7,106.85,99.15,91.25,normal
5,164.35,183,203.45,224.1,244.55,265.7,285.55,306.15,324.4,342.15,359.25,367.85,368.8,369.6,369.7,369.5,369.65,371.75,374.15,376.3,381.2,385.15,387.85,390.85,394.5,397.8,401.95,405.6,412.2,417.55,423.15,428.35,432.85,435.95,438.95,441.55,443.95,443.45,443.2,442.95,439.2,435.9,431.5,426,420,413.9,407.8,402.3,397.5,394.45,391.15,386.85,382.1,377.8,374.65,371.15,368.35,366.3,365.1,364.3,363.85,362,360.9,360.05,360,360.25,360.95,361.7,362,361.6,362.25,364.8,369,373.5,377.25,381.65,385.5,389.35,392.55,395.65,398.85,402.2,406.5,411.2,416.3,420.8,425.25,429.05,432.4,436.35,439.85,443.2,446,448.85,453.85,459.3,464.8,470.25,474,479.85,484.9,493.3,498.65,503.7,510.95,517.4,524.25,531.5,538.7,547.6,556.3,565.6,574.4,583.4,592.2,601.15,612.4,623.55,638.4,651.25,664.55,676.35,690.5,704.65,715.75,730.35,744.45,757.75,773,787.15,801.6,817.05,834.6,850.95,863.35,874.25,882.15,888.05,889.4,889.55,889.75,889.5,888.85,888,883.85,876.75,869.15,861.55,847.25,833.4,816.8,798.45,777.85,757.35,738.3,719.8,701.7,684.8,666.5,648.4,630.5,610.55,592.55,573.85,557.55,541.25,524.2,508.15,494.7,478.25,464.15,451,438.65,426.6,415.75,405.7,395.45,385.55,376.45,367.6,359.8,351.85,343.15,335.55,328.8,322.45,317.4,310,303.8,299.45,295.3,289.75,284.6,280.1,275.25,270.3,265.25,259.1,255.6,252.3,249.1,247.15,244.15,241.5,238.65,235.7,232.65,229.8,228.6,227.3,226.35,226.05,224.35,222,218.8,215.9,214.5,214.4,214.2,214.35,214.6,214.45,213.6,213.15,212.7,212.5,211.5,211.25,209.15,207.95,206.05,203.25,201.75,200,198.6,197.2,195.1,193,190.95,189.15,187.35,186.15,185.6,184.8,184.65,184.6,185.3,186.05,185.75,185.7,186.35,187.6,188.55,189.85,191.8,193.1,193.9,194.05,193.85,192.7,191.05,190.3,189.75,187.95,186.05,183.8,181.95,179.65,179,177.45,177.35,177,175.85,174.75,173,171.35,169.75,168.65,167.8,167.75,167.7,166.65,165.4,164.9,163.85,163.4,163.5,163.65,163.9,164.1,163.55,154.55,146,137.9,129.9,121.9,114.05,106.2,98.4,90.5,normal
6,165.25,183.65,203,222.95,242.9,262.55,281.8,301.8,319.6,337.8,354.85,363.55,364.75,365,365,365.3,365.1,367.45,369.65,372.1,376,380.35,384.15,388.1,392.65,397.4,402.45,406.8,411.9,417.4,423.25,427.6,431.5,435.35,438.25,440.3,442.6,442.5,443.05,442.25,438.05,433.7,428.35,422.9,416.45,409.7,402.75,397.4,394.45,390.65,385.45,381.45,377.75,373.85,370.75,367.55,364.25,362,361.2,358.85,358.3,357.55,359.4,359.6,360.15,361.4,363.05,364.15,364.45,365.3,367.8,370.45,373.45,377.9,381.85,385.95,390,393.35,395.95,400.3,403.4,407.2,409.05,412.15,416.45,420.4,424.25,427.35,430.95,433.8,437.2,441.65,444.5,447.35,451.8,457.25,462.8,468.6,472,477.7,483.3,488.8,494.1,500.05,506.55,513.3,520.95,528.75,537.25,546.15,555,563.2,572.6,581.7,591.25,600.7,611.8,622.55,637.25,650.45,663.45,677.7,692.55,706.4,719.45,734.7,748.75,762.3,777,792.15,806.9,822.55,839.95,855.85,868.65,879.55,887.3,893.45,895.25,895.95,896,895.1,894.4,892.85,888.05,880.8,872.65,864.55,849.35,832.4,815.4,796.8,776.4,756.1,735.95,716.55,696.15,678.25,659.15,639.5,621.2,601.9,583.25,564.75,548.1,530.85,514.45,497.5,484.75,471.15,457.8,445.15,432.75,421.55,412.15,402.65,395.6,386.6,378.6,370.6,364.3,356.8,348.9,341.65,335.05,328.6,322.2,315.2,310.05,305.65,300.7,294.9,290.4,285.9,280.55,275.75,271.65,266.75,262.9,260.1,255.75,253.4,249.7,247.45,245.2,243.65,242.15,241.35,238.65,236.05,234.85,234.5,232.25,229.35,226.5,224.35,221.85,220.6,220.7,220.15,220.95,220.8,220.4,218.85,216.65,214.05,212.05,210,207.75,206.7,204,200.95,199,197.2,195.7,194.05,192.5,191.25,189.9,188.65,186.3,184.7,184.55,184.45,185.55,186.6,187.45,188.15,189.85,191.8,194,195.3,197.2,198.75,200,199.3,197.95,197.3,195.55,194.05,192.4,191,188.7,186.35,183.25,180.2,177.55,175.1,172.8,169.75,168.95,168.05,166,164.45,162.75,162.3,161.85,160.95,160.5,161.05,161.2,161.2,160.85,161.95,163.2,164.7,165.4,167.1,168.5,169.65,169.35,161.15,153.1,145.2,137.45,129.55,121.7,113.6,105.9,97.55,normal
7,164.45,182.55,202.3,222.75,242.8,262.25,280.45,300.65,319.05,337.5,354.55,363,362.85,363.8,363.45,363.45,365.15,366.05,369.45,372.05,376.15,381,384.85,388.35,392.75,397.85,403.85,408.45,414.65,419.85,425.5,430.75,435.65,438.4,440.9,442.8,444.5,445.8,445.1,445.25,441.75,437.6,432.55,427.35,421.1,414.5,407.95,402.1,397.35,391.25,385.65,380.35,376.3,372.05,369.35,366.05,363.35,360.85,359.75,358.85,358.7,357.7,357.7,357.2,357.25,357.9,358.85,359.9,360.55,363.2,366.1,369.45,372.85,377.15,381.1,385.65,389.5,393.35,396.9,400.65,403.4,407.7,410.75,413.75,418.05,422.55,426.85,430.3,433.75,436.9,440.3,443.85,447.05,449.55,453.7,459.05,464.45,469.85,473,477.55,482.8,487.6,493.15,499.25,505.9,512.35,519.9,527.85,536,545.25,554.25,563.4,571.95,581.1,591.6,600.45,611.35,622.15,636.8,650.5,663.8,677.6,691.8,706.15,719.05,733.3,746.85,759.65,773.9,787.95,802.25,817.8,835.05,850.6,861.35,872.35,879.75,885.75,887.3,887.9,887.85,887.5,886.65,884.85,880.8,875.3,866.65,857.95,845.85,829.85,813.35,794.8,775.45,755.75,736.65,717.6,699.95,683.2,664,644.05,625.45,605.9,586.75,568.7,552.3,534.05,518.55,503.25,488.85,475.4,461.95,449.6,436.2,423.2,412.75,403.25,393.8,384.35,378.8,372,366.65,359.7,352.5,344.65,337.25,331.3,325.4,317.75,309.75,304,298.7,292.8,288.25,285.55,281.5,276.25,271.65,265.55,258.9,254.8,249.55,246.4,242.15,239.2,236.8,234.75,232.65,232,232.5,231.5,230.8,229.2,226.95,223.45,219.95,216.1,212.8,212.15,212.4,212.35,212.6,212.4,212.6,211.4,209.5,207.55,205.3,202.7,198.5,196.3,193.55,191.9,190,188.9,187.65,187.25,186.7,185.6,184.15,182.8,180.75,178.95,178.6,177.7,177.4,178,179.55,181.05,183.75,187,188.8,190.05,191.2,192.95,194.15,195.7,195.7,195.3,194.25,192.6,191.65,190.7,189.1,188.35,186.55,183.85,181.75,179.95,178.2,175.1,174.75,173.8,173.05,172.3,172.5,171.2,169.85,168.45,168,167.8,167.65,168.05,167.8,167.55,167.7,167.6,166.95,166,165.4,165.15,164.75,156.4,148.2,139.15,129.7,121.25,113.5,105.65,97.75,90.05,normal
8,164.85,184,203.5,223,242.85,262.5,281.5,301.1,319.75,337.15,354.7,363.55,363.75,363.5,363.6,363.5,364.75,367.65,370.15,372.7,375.9,379.25,382.75,386.65,390.9,395.95,401.25,406.05,411.6,417.4,422.7,427.85,433.15,436.55,438.7,441.6,443.45,443.3,443.6,443.05,439.3,435.3,431.1,426.5,420.75,414,407.1,400,395.25,391.35,386.3,380.8,375.55,371.3,368.7,364.65,361.2,358.5,356.2,354.9,354,353,351.85,350.9,350.5,351.5,353,355.6,356.5,357.25,359.45,362.8,366.75,371.5,374.85,379.6,383.9,387.65,392.35,396.85,400.6,404.4,408.2,412,416.6,420.75,425.3,429.25,433.05,436.65,439.95,443.3,446.45,449.3,454.25,459.45,465.2,471.45,474.3,479.15,484.2,489.7,495.25,502.85,510.2,517,523,529.6,537.8,546.65,555.7,565,573.9,583.15,593,602.25,613.4,623.95,638.7,652,665.05,679.25,693.6,705.65,716.65,729.95,744.35,757.5,771.55,786.4,800.7,815.85,832.6,848.05,858.8,871,879.3,885.45,886.8,886.6,887.05,886.85,886.35,885,881.95,875.6,868.9,861.5,847.25,830.3,813.2,795.55,776.1,756.45,738,718,699.45,679.3,660.4,641.5,623,603.3,584.95,567.45,551.05,534.15,516.65,500.4,488.15,475.2,464.4,451.45,438.8,426.95,416.85,406.4,396.5,389.7,382.35,374.45,366.85,359.5,351.1,343.2,335.85,330.6,325.85,319.7,312.45,306.75,299.55,293.65,289.25,285.8,282.2,279.1,275.25,269.6,265.3,261.75,258.45,255.9,252.5,250.1,247.9,244.75,241.9,238.85,237.25,236.1,235.45,234.95,232.9,230.3,227.15,224.1,221.3,220.1,219.75,220.1,220.45,219.3,219.2,217.45,215.6,214.3,212.75,212.5,210.2,207.55,204.7,203,200.75,198.45,197.15,195.55,193.8,192.95,191.85,191.15,189.8,189.45,189.4,189.8,190.2,188.85,187.75,186.95,188.05,189.95,191.75,192.25,193.5,194.35,194,192.7,192.45,190.9,189.25,186.9,184.85,183.15,180.75,179.05,178,177.2,176,174.6,173.05,171.25,171.15,171.05,170.35,169.35,168.3,168.2,167.5,167.35,167.2,167.15,167.4,167.35,167.35,166.3,164.5,164.25,164.4,164.25,164.3,164.4,163.25,153.75,144.9,136.75,128.8,120.9,112.7,105,97.2,89.35,normal
9,165.65,183.6,203.8,223.6,243.1,262.15,280.3,300.7,318.05,336.1,353.65,361.8,362.5,362.45,362.3,362.7,362.85,364.4,366.5,369.2,374.8,379.8,383.1,386.9,391,395.95,402.1,406.05,412.95,417.75,422.45,427.5,431.55,435,437.95,440.35,442.95,442.95,442.75,441.95,438.1,434.55,429.65,424,418.1,412.25,405.4,400.15,395.4,392.05,387.85,382.6,379,375.35,372.1,369.25,365.45,362.8,361.15,360.4,359.5,357.55,357.65,358,358.95,359.3,360.5,361.4,362.3,363.15,364.85,368.35,371.2,374.95,378.3,382.05,386.6,390.4,393.85,397.2,400.5,404.1,407.3,410.55,414.9,419.3,423.85,427.25,431.1,433.8,437.5,440.55,443.95,448.6,453.6,459,464.55,469.85,473.2,478.75,483.9,489.9,495.05,500.9,507.45,514.1,521.5,529,537.15,546.65,555.4,565.25,574.55,582.05,591.4,600.9,612.5,623.7,638.15,651.05,664.4,678.4,693.05,707.4,719.7,733.25,748.05,762.25,777.35,791.2,805.55,822.65,840.55,856.6,869.25,880.1,886.6,891.4,892.45,892.35,892.5,892.25,890.05,888,883.45,877.45,869.05,860.2,844.8,828.85,811.6,790.75,768.8,748.4,728.8,709.95,693.15,677.5,661.2,643.05,626.05,607.05,590.4,573.25,557.3,539.95,522.15,505.2,492.5,479.25,466.85,454.8,442.8,431.25,420.6,410.15,399.95,390.05,379.9,371.45,362.15,353.9,345.3,337.35,330.2,324.95,319.7,313.2,306,300.35,297.5,292.95,287.45,283.05,278.8,275.55,271.9,266.85,263.45,260.25,257.4,254.5,250.9,248.15,245.1,241.9,239.2,237.95,237.4,236.1,232.5,230.4,229.7,226.8,222.85,219.65,217.2,215.8,215.25,215.15,215.4,216.3,217,216.15,216.2,215.55,215.2,214.15,212.45,211.95,209.6,207.25,204.8,203.35,202,200.35,198.35,197.3,196.15,194.75,193.3,190.85,189.35,188.35,188.05,187.8,187.6,188.25,189.4,190.25,191.5,192.85,193.15,194.6,196.5,197.15,195.95,194.9,193.55,192.4,190.8,189.9,188,186.05,183.25,180.95,178.6,175.45,172.65,170.35,170.75,169.9,169.45,167.85,166.1,164.3,164.15,163.45,163.05,162.9,162.6,162.15,162.05,161.65,161.4,162.45,163.55,164.8,166.1,166.7,166.15,157.6,149.8,141.85,133.9,126.05,118.15,110.3,102.5,94.45,normal
10,165.25,183.75,203.15,222.75,242.65,262.3,280.6,300.65,318.45,336.7,353.55,361.6,363.5,364.45,364.15,363.9,364.45,366.15,368.3,370.65,372.45,376.65,381.5,386.1,390.4,395.25,401.2,406.1,412.85,417.8,423.7,428.4,431.65,434.65,437.6,440.15,442.9,443.05,443.3,443.35,441.45,437.5,431.1,425.05,418.85,412.4,405.55,399.35,394.3,390.25,385.1,380.3,378.65,375.4,373.7,370.7,367.1,364.3,363.65,362.65,362.05,360.75,360.65,360.7,361.15,361.55,362.75,364.05,364.95,366.45,368.95,372,373.4,377.3,379.45,383.75,388.05,391.95,394.65,397.55,401.25,405.1,409.1,413.4,417.4,422.05,426.5,429.6,432.9,435.85,439.05,442.55,445.65,448.75,453.25,457.7,463.4,469.1,472.75,478.6,483.35,489.1,494.3,499.4,506.35,512.8,520.35,528.5,537.2,546.15,555.45,564.45,573.55,582.1,591.35,600.5,612.3,623.05,635.2,647.5,660.7,674.55,688.85,702.7,715.15,729.25,742.7,755.65,769.45,783.6,797.55,813.25,830.6,846.2,858.35,869.65,876.45,882.55,886.55,888,888.7,888.75,888.15,886.65,882,875.65,868.65,862.05,850.65,835,818.65,799.95,779.55,759.45,740.25,721.65,703.95,686.75,667.7,648,629.2,610.55,592,574,557.7,540.5,523.25,505,490,475.95,462.75,450.15,437.45,426.4,414.95,404.65,394.6,385.35,377.65,369.2,364,355.75,346,338,331.4,325.65,320.5,313.55,305.7,300.2,294.9,289.25,285.05,281.9,279.65,276.05,272.65,266.65,262.7,260.05,254.6,251.2,249.35,246.85,244.6,242.05,238.5,237.65,237.8,237.2,235.95,234.25,231,226.75,222.15,218.15,215,214.7,214,214.15,214.2,214.65,214.2,212.8,210.65,209.5,209.55,208.65,207.2,206.2,204.3,202.7,201.3,200.05,199.65,199.6,198.75,197.05,196,194.8,193.35,192.1,192.75,192.25,192.95,193.45,192.1,191.2,190.8,192.25,194.35,196.5,198.4,200.15,201,201.35,201.05,200.85,200.35,199.1,197.9,196.2,193.45,191.7,189.35,186.55,185.75,185,183.2,179.9,178.7,177.7,176.45,175.65,174.55,174,173.5,173,172.5,171.8,171.25,170.95,171.2,171.3,171,170.85,169.8,169.3,168.8,169.1,168.65,159.55,151.05,141.85,133.35,123.8,114.75,106.1,97.6,89.85,normal
11,164.5,182.55,202.2,222.6,242.2,261.85,281.45,301.75,319.75,336.4,353.25,362,363.45,363.65,363.3,363.85,364.65,366.35,368.1,370.5,374.25,378.9,382.55,385.55,390.1,395.1,399.65,404.3,411,418,424.3,429.5,433.55,436.95,439.95,442.45,444.9,445.2,446.1,446.2,442.6,439.4,436.65,432.55,426.6,422,416.3,410.35,405.8,401.85,397.05,391.8,387.8,384.55,380.75,376.7,373.75,370.6,369.45,368.1,367.15,365.7,362.95,361.6,361.45,359.95,360.4,360.75,361.05,362.15,363.75,366.9,369.75,373.95,378.05,382.6,386.4,390.95,393.95,397.05,400.8,403.65,407.55,410.8,415.4,419.5,423.5,427.25,430.45,433.55,436.8,439.75,443.15,445.35,450.1,455.45,460.95,466.15,469.1,474.65,479.55,485.5,490.8,496.65,503.3,509.9,518.15,526.85,533.8,542.7,551.9,561.5,570.5,579.5,588.6,597.4,607.85,618.8,633.75,646.8,660.1,673.8,688.5,702.7,714.75,728.6,741.55,753.5,768.95,782.8,797.05,812.7,829.85,845.95,858.45,869.9,878.55,885.6,890.3,893.05,894.45,894.8,893.55,892.35,887.55,880.6,872.6,864.9,851.05,834.6,817.7,799.25,778.75,758.85,739.65,720.35,702.2,683.75,662.9,642.75,624,604.45,585.95,567.45,552,536.2,520.25,504.4,491.65,478.35,468.2,455.65,443.55,431.45,421.15,411.55,401.7,392.1,382.3,373.2,364.7,357.15,349.15,342.35,335.45,329.35,323.65,316.25,308.7,303.35,296,290.1,285.4,281.65,276.85,272.15,268.2,263.45,260.15,257,254.15,251.3,248.4,245.95,243.7,239.55,236.1,235.55,234.7,233.45,231.35,229.75,227,223.65,220.5,218.4,215.6,214.5,214.8,214.7,214.85,214.8,214.65,212.55,211.1,211.25,209.85,206.7,203.65,201.1,198.8,196.8,195,193.85,192.35,189.65,188.3,186.75,184.85,183.95,182,179.95,178.05,175.8,174.35,173.7,174.5,176.35,179.4,183.45,186.55,189.95,193.15,194.9,196.55,198.45,198.45,198.2,197.25,195.3,193.95,193,192.15,192.35,191.4,189.8,189.1,187.45,185.35,183.55,183.6,182.15,179.9,177.95,176.45,174.3,172.85,171.6,171.3,171.5,171.4,171.45,171.15,170.75,170.4,170.25,169.35,168.35,167.85,165.9,163.8,154.2,145.55,137.45,129.45,121.6,113.65,105.75,97.65,89.55,normal
12,165.8,184.35,203.15,222.85,242.6,262.4,281.2,300.85,318.5,336.65,353.85,362.8,362.45,361.75,362.15,362.25,362.85,364.15,366,368.55,373.35,377.8,382.05,385.55,389.95,394.9,400.4,405.15,411.8,416.95,422.5,426.65,431.5,435.5,437.9,440.35,442.75,442.85,443.15,442.85,439.05,434.75,429.35,424.7,418.7,411.5,404.5,398.9,393.85,389.7,384.65,380.15,376.1,372.75,369.6,366.05,362.7,360.55,359.85,358.9,358.2,357.2,357.75,359,359.3,360.35,362.5,363.1,364.2,365.75,367.65,370.95,374.1,377.95,381.95,386.7,390.7,393.85,396.9,400.35,403.15,406.45,410.1,411.95,416.25,420.5,424.15,428.3,431.85,434.95,439,442.4,445.85,448.7,453.25,457.1,462.6,468.45,472,476,481.25,487.3,492.6,498.35,505.15,512.1,519.95,527.45,535.9,544.95,553.8,563.2,572.3,581.25,590.7,601.65,613.05,624.25,638.15,651.8,664.9,678.7,692.8,706.9,718.95,733,746.1,758.75,773.3,785.65,799.05,814.35,830.6,847.15,859.4,869.85,876.3,880.8,881.9,882.3,882.75,882.6,882.1,880.55,874.2,866.45,858.45,851.15,836.1,821.6,805.55,786.7,766.65,745.5,725.7,706.95,690.25,674.65,656.95,639.3,624.25,605.4,586.1,567.2,552.75,536.65,520.3,503.95,491.2,477.55,464.8,452.5,440.55,429.3,419,408.55,398.5,388.1,378.95,369.95,358.7,350.4,343.05,336.65,329.6,324.05,318.55,310.7,303.6,298.05,292.7,287.1,281.1,275.8,270.05,264.2,258.85,253.3,250.3,247.25,244.45,241.65,238.25,235.4,233.2,230.35,227.4,226.85,226.2,224.4,222.45,220.3,218.45,215.4,212.25,210.7,209.5,209.55,209.05,209,209.55,210,209.65,208.2,206.6,206.15,205.05,203.2,200.65,198.9,197,195.9,195.05,194.35,194.6,193.85,191.9,190.1,188.2,186.7,184.9,183.4,183,182.1,181.75,180.35,180.4,181.15,183.25,185.95,188.5,189.35,190.1,190.3,190.25,189.4,190.3,190.35,190.65,189.25,187.55,185.7,183.65,182.05,180.3,178.4,176.4,173.8,170.95,168.4,167.55,166.65,165.85,166.15,165.95,165.8,164,162.8,161.55,161.5,161.5,161.75,161.75,162,162.1,162.35,162.55,165.15,167.75,170.55,171.95,163.95,155.8,147.5,139.5,131.6,123.6,115.5,107.65,99.65,normal
13,164.45,183.3,202.6,222.3,242.35,262.65,282.2,302.2,319.8,338.2,354.8,363.65,364.5,364.6,364.65,364.55,364.95,366.5,368.7,371.6,375.85,379.75,384.15,388.05,392.3,396.55,401.25,405.4,412.15,416.55,422.25,426.9,431.8,435.4,437.75,440.15,442.5,442.8,443.45,442.75,438.4,434.45,428.35,423.05,417.5,410.85,404.15,398.9,393.6,389.35,384.3,379.45,375.2,373,370.4,369,366.3,363.55,362.3,361.35,361,360.1,360.45,359.75,359.35,360.1,361.3,362.1,363.1,364.8,367.25,370.25,373.6,376.15,379.65,382.15,386.5,389.95,393.1,397.25,400.25,403.2,406.5,410.65,415.05,418.65,422.65,425.8,429.15,432.6,435.95,439.55,442.7,445.4,449.75,455.15,460.5,466.5,469.65,474.5,479.9,485.7,491.4,497.05,503.55,511.05,518.2,525.85,534.8,543.4,552.9,562,571.05,580.45,590,599,609.55,619.3,633.15,645.85,658.65,674.25,688.7,702.2,713.7,726.1,740.25,753.65,767.3,782.3,796.5,812.15,828.7,842.6,853.85,864.9,872.3,879.55,882.15,882.5,883.2,881.7,881.05,880.15,876.65,871.6,864.6,856.75,842.75,827.05,813.05,795,775.7,756.35,737.6,718.5,701.25,684.4,665.5,646.95,628.65,608.95,590.35,570.6,554.4,536.7,519.25,503.2,490.45,476,460.15,446.85,434.1,423.6,414.2,404,394.3,384.2,377.9,370.25,362.4,355,346.45,340.85,334.25,328.75,323.2,316.15,308.7,303.6,298.6,292.95,288.05,284.05,278.8,274.55,269.45,263.8,258,254.35,250.9,248.1,245.45,242.35,239.5,237.3,234.55,233.35,233.65,232.45,231.5,230.9,229.55,227.2,223.95,221.3,219.35,219.3,219.2,219.2,219.5,219.2,218.25,216.75,215.45,213.55,212.95,212,210.55,209.4,206.6,203.85,201.05,198.9,197.85,196.95,195.85,194.05,192.65,191.15,189.45,187.7,187.05,187.25,187.85,188.15,188.5,188.35,188.6,189.4,191.15,192.75,194.3,194.85,195.1,194.05,192.95,191.85,190.4,189,187.55,186.65,185.55,183.5,180.6,178.65,175.95,173.85,172,170.45,170.6,170.25,169.1,168.15,167.45,167.55,167.3,166.95,167.85,167.85,168.05,169.2,168.9,168.5,168.45,168.65,168.65,168.6,167.65,167.1,166.2,157.1,148.7,140.7,132.9,124.7,116.6,108.5,99.6,91.6,normal
14,164.2,182.95,202.4,221.85,241.85,261.35,279.65,298.7,316.25,334,350.95,359.85,360.3,361.25,361.15,361.25,361.95,364.4,366.8,369.45,373,377.1,380.7,385.3,390,394.9,401,406.55,413.6,418.9,424.7,429.75,434.2,437.75,441.05,443.2,445.3,445.1,445.75,444.75,440.8,437.35,432.65,428.15,422,415.95,409.4,404.8,400,396.35,392.75,388.55,384.95,381.05,377.2,374.4,370.75,367.95,366.85,366.45,365.85,363.5,362.95,361.35,361.3,361,361.9,361.1,361.6,363.1,364.2,366.75,369.65,373.7,378.1,382.05,386.7,390.45,393.05,396.05,399.3,403.5,407.4,411.4,416.1,421.3,425.4,429.2,432.8,435.5,438.7,441.75,445.3,448.25,452.4,457.55,462.7,468.5,472.05,478,483.05,488.8,494.25,499.45,505.3,511.8,519.5,526.7,535.1,543.95,552.7,561.75,570.3,579.85,589.3,598.55,610.05,620.95,635.35,647.8,660.9,674.85,688.65,702.7,715,727.75,741.35,755.1,769.05,783.75,798.2,814.35,831.1,844.65,856.55,867.8,875.15,880.95,882.75,883.35,886.25,887.3,888,886.2,882.4,876.75,868.65,860.9,847.6,831.85,815.2,796.95,777.8,760.35,742.15,723.75,706.25,689.6,670.5,651.6,630.7,610.1,589.05,571.8,555.5,538.55,522.1,505.5,492.3,477.85,464.9,451.95,441.85,429.8,418.55,406.45,396.3,386.5,378.7,370.45,362.65,354.8,348.7,340.5,333.65,327.65,322,314.8,307.2,301.75,296.25,290.35,282.8,277.9,273.5,270.35,266.2,261.15,257.5,254.4,251.2,248.55,244.9,242.7,239.4,238.25,236.2,235.25,234.55,234,233.6,232.95,231.25,229.4,226.2,223.4,220.6,219.05,218.8,218.85,219.25,219.35,219.55,218.25,216.65,214,212,211.35,210.5,209.25,206.85,204.25,201.75,199.4,198.15,196.25,194.25,192.7,190.35,189.25,187.95,186.8,186.2,186.5,187.55,187.6,188.7,188.8,189.05,190.1,192.25,194.8,197.15,198.45,199.8,200.75,201.9,201.8,201.45,200.2,198.2,197.1,194.6,191.55,188.95,187,183.95,182.55,182.2,181.9,181.95,181,179.5,178.2,176.95,175.8,174.3,173.4,172.85,172.5,172.8,171.9,171.75,171.85,171.95,172.05,172.4,171.35,168.95,166.85,164.65,155.05,146.2,138,129.75,121.8,113.75,105.75,97.95,89.9,normal
15,167.15,185.7,204.8,224.5,244.35,263.95,283.55,303.1,320.6,338.8,355.8,364.25,363.45,362.25,362.05,362.05,362.55,363.75,365.25,368.6,373,377.1,380.9,384.35,388.65,393.55,397.95,402.75,409.75,415.1,420.6,425.9,431,434.95,438.25,441.05,443.8,443.7,444.9,443.8,439.9,436.05,431.7,427.1,421.45,414.85,408.7,403.05,397.95,393,387.55,382.2,378.25,374.55,370.75,367.8,365,362.35,361.1,361.05,361,359.95,359.25,358.65,358.6,359.9,361.75,362.95,363.1,365,367.8,371.2,374.3,378.3,382.6,386.7,390.2,394,396.6,399.4,402.35,405.4,409.5,413.55,417.95,421.9,425.75,429.2,433.6,436.8,440.1,443.3,446.15,449.1,453.4,458.55,464.45,469.25,473.05,478.5,484.85,490.95,495.8,501.05,507.6,514,520.25,527.75,536.15,545,554,563.2,572.45,581.5,590.65,599.45,610.2,621.75,636.6,649,660.7,674.55,688.95,702.55,714.4,727.55,741.6,754.65,768.8,784.2,798.6,814.1,830.4,844.25,856.05,867.5,875.65,882.05,883.35,883.75,884.2,884.45,884.35,883.5,879.5,873.85,864.5,856.35,841.5,824.3,807.85,789.25,770.5,752.45,734,714.95,696.75,678.9,659.95,642.35,624.8,605.55,584.25,565.45,548.35,530.65,516.5,501.05,488.7,475.05,461.4,448.8,435.95,424.2,414.55,404.45,394.55,385.1,377.2,368.1,359.25,351.5,346.2,339.3,333.5,328.5,322.75,315.35,308.4,303.4,299.2,294.55,290.1,286.8,281.65,277.8,273.15,267.15,263.15,259.75,256.8,253.85,250,248.15,246.2,244.05,241,240.35,240,238.45,237.15,234.7,231.45,227.5,223.9,221.3,219.6,219.55,219.25,219.55,219.7,219.6,220.1,219,217.95,216.35,214.95,212.65,209.85,207.3,204.45,204.95,206.15,206.3,205.7,203.95,202.25,201.05,199.6,198.2,196.3,195,193.7,193.05,192.7,191.45,191.1,191.3,192.6,195.8,198.35,198.7,197.65,196.95,196.95,196.15,194.85,194.55,194.5,193.55,192.2,190.4,188.5,185.65,182.7,181.3,179.4,177.25,174.9,171.7,170.35,168.1,166.5,165.45,164.9,164.3,164.05,162.75,161,160.15,160.1,159.9,159.65,159.6,159.55,159.75,159.95,160.3,160.2,161.4,160.7,152.45,144.6,136.55,128.4,120.6,112.8,104.75,97.1,89.4,normal
16,164.55,183.2,203.1,223.45,243.3,263.45,283,303,321.35,339.8,356.9,365.95,367.2,367.9,367.65,367.5,367.85,369.65,371.6,374.35,377.9,381.85,384.75,387.5,392.45,397.8,402.65,407.15,413.1,417.45,422.8,427.35,431.25,434.75,437.65,440.05,442.25,441.85,442.4,441.85,437.85,434,429,424.15,417.45,409.6,402.55,396.9,392.1,388.3,383.4,378.7,375,371.4,368.3,366.65,363.8,362.35,359.35,358.55,358.1,356.8,357,357.25,357.35,358.35,359.65,360.9,362.2,364.2,366.85,370.3,373.65,377.6,381.65,384.1,388,391.25,396.2,399.85,403.15,406.7,410.65,414,418.45,422.85,427,429.7,433.1,435.8,439,442.2,445.35,448.55,453.2,458.75,464.35,469.55,473,477.75,482.7,488.55,493.6,499.25,505.9,512.45,520.25,528.3,536.65,545.75,554.3,563.05,571.4,580.05,588.75,597.8,608.9,619.95,634.5,646.95,661.2,675.05,690.2,704.2,716.85,731.2,744.55,757.8,771.55,784.45,798.85,814.75,832.6,847.45,859.35,870.2,876.7,881.5,882.25,883.1,882.45,882.4,881.1,879.7,875.4,867.85,859.9,852.1,837.7,823.3,807,787.6,767.8,749.05,728.55,709.45,692.7,677.1,658.65,639.7,624.05,605.95,587.75,569.9,553.3,536.65,520.15,503.5,491.55,477.7,464.65,452.9,439.9,428.25,420.2,411.05,401.2,391.6,383.9,377.05,366.5,357.45,349.4,341.55,333.25,327.5,321.8,314.95,306.7,300.55,295.15,289.75,284.9,280.8,276.45,272.55,268.9,264,260.45,256.55,253.1,250.55,246.8,244,243.35,241.6,240.1,239.95,240.8,240.4,239.75,238.55,235.85,232.15,228.05,223.2,220.35,218.75,218.65,217.95,218.35,217.5,216.5,215,212.9,211.5,210.6,208.35,206.95,206.7,206,204.9,203.5,202.25,201.1,201.1,199.3,198.15,196.45,195.8,194.45,194.85,195.95,196.55,197.15,196.7,196.1,195.35,194.85,195.3,195.6,196.1,198.05,199.7,201.55,201.5,202,201.8,201.6,200.05,198.75,195.95,192.9,190.1,187.3,184.75,182.9,181.45,178.7,175.75,174.9,174.55,172.75,171.2,169.1,167.8,166.2,164.5,164.2,164.9,165.6,165.95,166.9,167.05,167,166.85,166.7,166.8,167.55,167.55,166.9,157.55,149.4,141.35,133.7,125.95,117.85,110.05,101.25,92.4,normal
17,163.45,181.75,201.05,220.95,240.4,259.85,278.35,298,315.55,333.4,350.7,360.05,360.85,361.85,364,364.65,366.4,367,368.6,371.65,376.35,380.9,384.55,388.15,392.8,397.9,404,409.05,416.15,421.25,426.5,430.7,434.6,437.85,438.6,440.65,441.7,443.3,444.6,443.85,439.55,435.85,430.75,425.75,419.8,413.55,406.25,400.4,395,389.65,384.45,380.35,376.5,372.55,370,366.9,363.1,360.4,359.75,359.2,358.7,357.05,356.75,355.9,356.3,356.35,357.35,358.65,360,362.95,365.75,368.7,371.9,375.65,379.3,383.25,387.95,391.5,393.3,396.1,399.55,404.95,410.2,415,419.15,423.65,428.35,431.25,434.45,437.55,440.5,443.45,446.65,449.75,453.85,458.45,463.9,469.7,473.55,479.55,484.55,488.4,492.6,497.35,503.8,510.8,518.35,526.15,534.7,542.8,550.65,559.95,569.15,580.25,591.2,600.95,612.25,623.15,637.6,650,663.2,677.5,691.6,705.55,717.4,730.5,744.05,757,771.05,785.95,801.3,816.8,834.3,847.95,858.55,869.2,876.1,881.6,883.4,884.2,884.15,883.75,882.7,881.3,877.4,872.25,865.3,858.45,845.1,829.55,812.7,794.15,773.5,753.8,734.6,716.15,699.7,683.35,664.7,645.55,627.5,607.9,590.45,572.65,557.6,540.15,523.2,506.85,493.15,478.45,465.55,453.3,440.8,428.4,416.45,404.3,393.7,384.05,375,367,359.05,351.75,343.25,335.6,327.65,322.1,316.3,308.2,301.1,296.45,291.5,285.3,280.75,277.35,274.85,273.5,270.1,265.6,262.45,259.55,256.45,253.7,250.5,248.1,245.55,241.65,238.3,237.4,237,236.05,235.35,234.8,233.15,231.3,228.95,225.55,222.4,220.55,220.35,220.2,220.5,220.65,220.85,220.2,219.95,220.4,219.7,218,214.5,211.6,208.6,205.95,203.25,200.35,197.55,196.35,194.75,192.25,189.95,188.35,186.55,184.95,183.6,182.1,179.05,176.75,176.05,176.2,178.55,181.4,184,186.5,189.55,192.1,194.55,194.6,195.3,197.6,198.4,197.9,196.55,195.35,193.75,192.1,191.85,190.55,189.05,187.1,184.55,181.8,179.1,176.75,173.8,171.25,169.15,167.4,165.3,162.7,161.35,160.3,160.45,160.1,159.95,159.65,159.5,160.15,160,160.3,160.25,160.55,161.5,153.5,145.35,137.2,128.95,121.3,113.4,105.4,97.5,89.7,normal
18,163.35,182.3,202.65,222.35,243.25,263.05,283.1,303.35,321.85,340.2,357.15,365.6,365.7,365.75,365.5,365.2,366.35,369.6,372.45,375.35,379.1,382.8,385.5,389.45,392.75,397.25,400.65,403.6,409.3,414.4,420.45,426.25,431.7,436.15,439.05,443.15,445.6,445.95,446.15,445.05,441.25,437.25,432.3,426.5,420.7,414.15,408.2,403.3,398.45,394.1,388.5,383,378.35,374.2,370.65,366.3,363,359.55,358,358.25,357.95,357.05,356.45,356.95,356.95,357.75,358.7,359.95,360.05,361.5,364.1,367.35,370.2,373.65,377.85,381.95,385.95,389.6,392.85,396.05,398.9,401.95,406.1,409.65,414.2,418.7,423.45,427.45,432,434.6,438,440.95,444.3,447.25,451.45,456.35,461.9,467.5,470.95,475.55,481,487.05,494.55,500.55,506.75,513.85,521.3,528.65,537.1,546.55,555.25,564.2,573.2,582.3,591.5,600.6,611.8,623.95,638.9,652,665.15,679.25,691.55,704.6,716.6,729.35,742.65,755.7,769.45,783.4,798.25,814.25,828.6,841.95,857.65,871.2,879.5,885.6,887.35,888.75,889.6,889.65,889,888.25,884.8,879.15,869.8,861.95,848.55,833.35,816.6,797.85,780.9,763.15,740.65,719.75,701,683.55,664.35,644.7,625.6,605.75,586.9,567.8,550.1,532.55,516.35,499.4,485.9,471.6,458.4,445.75,432.5,420.4,410.15,399.7,389.15,379,370.45,362.45,354.8,346.45,338.35,331.45,326.1,320.7,317.15,311.55,305.4,300.55,295,289.25,284.85,281,276.3,273.1,268.5,262.75,259.65,256.9,254,252,249.1,246.15,243.25,240.15,236.85,235.5,234.6,233.3,232.45,231,228,224.55,221.2,216.85,215.5,215.35,215.2,215.05,215.15,214.55,214.1,213.85,212.2,210.9,209.35,208,205.7,203.95,201.6,201.2,200.45,199.4,198.7,198,196.5,195.15,193.3,191.95,190.3,189.6,188.75,187.5,187.1,186.4,186.8,186.9,187.55,189.35,191.7,192.4,193.8,195.5,197.1,197.2,197.7,197.55,197.25,196.55,196.45,196.15,195.25,193.55,191.9,190.65,188.35,185.15,183.7,181.6,180.7,179.8,178.15,176.6,174.6,173.7,171.85,170.3,169.25,168.5,166.85,165.45,164.5,164.45,164.25,164.3,164.6,164.8,163.95,162.95,162.35,153.25,145.05,137,129,120.8,112.9,104.95,97.05,88.9,normal
19,165.45,184.65,204.05,223.55,243.75,263.85,283.4,303.6,321.55,339.85,357.55,366.15,366.15,366.75,367.45,367.9,367.9,369.4,371.45,374.25,377.75,381.45,385.05,388.85,393.05,399.05,404.8,409.85,417.45,423,428.05,433.15,438.25,441.55,444.25,446.45,449,448.95,449.3,449.2,445.1,440.95,435.3,430.35,424.25,415.7,408.25,401.65,395.95,391.45,386.4,381.45,377.4,373.95,371.8,369.1,365.65,361.85,358.95,358.15,357,356.05,356.25,356.35,357.25,358.15,358.7,359.75,360.05,361.15,363.95,367.05,369.7,373.45,376.75,380.3,384.85,389.65,394.6,397.05,400.35,404.7,408.6,412.05,415.15,419.6,423.95,427.2,431.05,434.75,437.7,441.2,444.95,448,452.6,458.2,463.4,469.2,472.8,479.1,484.35,489.15,495.25,500.7,508.15,515.15,522.9,530.55,538.6,547.2,554.85,563.8,572.55,581.65,591.15,600.3,611.45,622.65,637.35,649.5,662.45,678,690.8,703.9,718.4,732.85,747.05,760.55,774.65,789.05,803.9,819.4,837.25,853.8,866.35,877.25,884.15,889.55,891.05,893,894.2,892.85,893.1,892.85,886.8,879.85,871.95,863.85,849.8,833.8,817.3,798.9,778.05,756.35,733.85,714.4,698.15,681.65,662.1,644.15,626.1,606.65,588.1,569.9,553.05,536.25,519.7,503.4,490.8,476.75,464.05,451.4,438.85,428.15,420.75,411.15,400.85,390.75,383.15,373.1,364.65,356.7,348.6,340.9,333.65,328.2,321.9,314.85,307.2,301.95,297.2,291.25,286.5,282.4,277.8,273.5,267.85,262,258.35,255.35,251.55,248.65,245.25,242.6,240.05,236.25,234.6,234.6,235.4,234.75,233.7,232.4,229.3,226.05,222.55,220.55,219.05,218.75,219.25,218.75,218.65,218.95,219.6,219.4,218.95,218.95,217.4,215.5,212.8,211.6,210.55,209.6,208.8,207.3,205.85,203.9,202.3,200.55,198.4,197.1,195.95,193.9,191.95,189.75,187.7,185.65,185.15,185.35,186.15,185.7,185.7,186.6,188.35,189.7,190.55,189.8,188.9,188.4,189,188.7,188.55,187.95,186.75,185.7,185,183.75,181.7,178.95,176.3,175.05,174.45,173.05,171.1,169.75,168.85,168.8,168.5,167.75,166.05,166.1,165.15,164.9,165.7,165.8,165.55,165.45,165.45,165.35,165.8,165.4,164.85,156.45,148.4,140.45,132.45,124.25,116.3,108.5,100.3,91.2,normal
20,160.9,179.45,198.95,218.85,238.95,258.55,277.45,297.2,315,333.15,349.95,358.25,359.15,359.7,360.55,363.3,365.6,367.85,370.2,373.4,377.15,381.1,384.25,388.55,393.35,398.35,403.7,408.45,415.1,419.95,425.35,430.25,434.65,438,441.8,442.45,443.25,443.1,443.7,443.5,439.75,436.65,432.3,426.65,420.25,413.7,406.8,400.15,393,388.6,383.65,379.6,376,372.25,368.25,364.85,362,359.65,358.1,357,356.85,355.35,354.3,353.95,353.9,354.15,355.5,357.55,360.4,361.8,364.45,367.4,370.7,375.5,379.7,383.4,386.95,390.55,393.75,396.7,400.75,404.75,408.45,411.95,416.55,421.65,426.1,429.2,432.85,436.2,439.8,442.95,446.2,448.95,454.05,459.25,464.95,470.5,473.9,479.8,483.7,488.65,494.45,500.1,506.45,512.5,519.4,527.55,536,545.25,554.15,564.3,573.3,582,592.15,602.4,613.8,625.05,639.7,652.45,665.4,679.5,693.95,707.7,719.5,733.35,747.25,760.45,774.75,789.75,803.8,818.5,835.9,851.65,861.55,871.3,877.85,882.6,884.25,884.7,885.6,885.2,884.7,883.65,878.7,871.6,864.55,856.6,841.65,825.1,808.8,790.3,770.15,751.3,733.65,715.55,698.6,682.8,663.85,645.25,626.85,607.2,588.6,570.2,555.2,539.85,523.4,506.9,494.6,480.7,467.5,454.7,441.6,429.05,418.65,408.3,397.1,387.1,379.15,372.25,364.25,357.2,349.15,342.1,334.9,328.25,322.35,315.1,307.8,302.15,296.9,291.25,286.85,282.8,277.8,273.05,269.85,264,259.95,255.2,252.2,248.9,245.4,242.3,239.85,237.35,234.7,234.5,233.95,233.05,232.2,231.85,230.05,227.9,224.6,221.2,219.05,218.7,218.6,219.15,219.45,219.85,219.45,218.55,217.25,215.4,213.55,211.25,208.45,205.75,202.8,199.8,197.1,194.7,192.95,192.6,190.9,189.75,188.75,186.6,184,182.15,180.85,180.25,179.6,179.8,177.9,177.25,178.5,180.6,183.15,186.05,188.8,189.65,191.35,191.75,192.8,193.7,193.4,192.55,191.8,190.6,189.5,187.45,187.25,186.25,187.25,186.7,185.85,184.25,184.15,184.3,184.25,185.6,186.75,187.05,185.1,182.45,181.15,180.55,180.4,180.35,180.4,180.3,178.7,177.95,176.85,176.2,175.35,175.2,174.05,163.1,152.5,142.05,131.3,121.65,113.4,105.45,97.2,89.5,normal
21,165.45,183.75,203.25,222.65,242.7,263.2,282.9,303.45,323.5,342.6,359.8,368.5,368.8,368.7,368.55,367.9,368.2,370.35,372.35,375.6,380.15,384.45,388,392,396,399.75,403.9,407.5,411.85,415.75,421.2,426.05,429.45,432.9,436.35,438.9,441.3,441,441.25,440.9,437.15,433.75,429.45,424.75,419.15,413.2,406.8,401.4,397.15,393.85,389.15,384.35,381.45,377.2,372.4,368.75,365.6,363.4,362.6,361.75,361.75,360.5,359.45,359.05,358.45,358.4,359.45,360.7,361.05,361.35,363.1,366.3,370.15,374.35,379.5,384.5,388.7,392.4,395.65,399.4,402.35,405.6,409.95,413.5,418.45,422.7,426.85,429.75,433.45,437.15,441.05,444.35,446.9,449.95,454.5,459.1,464.5,470.35,473.7,478.6,483.45,491.25,497.5,504.3,511.85,519.55,527.45,535.25,543.45,552.85,561.7,570.5,578.8,587.6,596.3,605.6,616.95,627.45,642.45,655.6,668.8,680.8,693.9,706.45,717.55,730.65,743.8,756.95,771,784.35,799.15,816,834.9,853.65,868.8,881.6,890.35,897.1,898.8,899.8,900.3,900.35,899.55,898.35,894.35,887.9,880.55,872.55,858.7,843.55,826.1,806.9,785.95,763.25,741.05,720.45,701.45,683.45,664.7,645.15,626.3,606.75,588.6,570.45,554.1,537.2,520.55,504.65,492.1,478.15,465.1,452.2,439.5,428.15,418.2,408.65,398.55,389.5,381.1,374,366.45,358,349.75,342.2,335.5,329.85,324.35,317.1,309.2,304.05,299.5,294.5,289.65,284.95,280,274.8,269.7,263.25,259.9,255.65,252.35,250.05,247.05,244.4,241.55,239.25,236.4,235.95,236.3,235,233.55,231.3,228.45,225.3,221.95,219.75,218.5,218.8,218.05,217.85,217.55,216.85,215.75,214.25,212.7,210.9,209.65,208.3,206.6,206.45,205.15,203.4,201.85,200.45,199.5,198.15,196.2,194.65,193.1,192.05,191,190.55,189.75,189.3,189.15,190,191,190.6,190.75,190.5,190,190.9,191.45,191.6,192.25,191.3,190.8,190.15,189.45,188.1,186.45,185.8,185.8,184.55,183.75,181.1,178.2,175.75,173.05,170.95,171.7,171.25,171.2,171.65,171,171.2,170.5,169.5,168.6,168.4,168.45,167.45,166.15,165.55,164.5,164.15,164.3,164.15,164.45,164.1,163.25,154.75,146.3,137.85,129.75,121.45,113.55,105.5,97.65,89.5,normal
22,166.6,186.05,206.25,225.8,245.9,265.95,284.65,304.3,321.95,340.55,357.7,365.5,365.95,366.9,367.15,368.25,368.15,370.25,372.25,373.95,377.6,381,383.75,387.6,391.55,396,401.2,404.65,410.15,414.5,420.05,425.6,430.9,433.75,436.7,438.85,440.85,440.2,440.35,439.35,435.1,431,426.5,421.75,416,409.95,403.45,399.05,396,392.85,388.65,384.1,379.75,376.4,372.6,369.85,367.15,364.8,364.1,362,361.55,360.4,359.85,359.5,359.7,359.4,360.75,362.1,362.5,363.45,364.95,366.9,369.75,373.5,377.75,381.55,385.25,389.05,391.85,396.75,399.9,403.65,407.55,411,415.3,420.2,424.5,427.6,430.75,433.45,436.65,442.5,446.05,449.6,454.35,459.2,464.3,469.8,473.1,478.2,483.5,488.95,494.2,499.85,506.1,512.8,519.65,527.4,536.1,545.1,554.4,561.45,570.25,578.75,588.45,597.95,609.6,620.4,635.4,649.05,662.35,676.4,690.9,706.6,720,734.35,748.25,763.6,777.8,791.7,805.4,821.15,839.15,855.2,866.55,877.5,884.35,889.65,890.45,890.2,890.4,890.4,889.55,886.4,881.05,874.05,866.8,856.8,841.95,826.45,810.25,792.25,772.1,752.05,733.05,714.65,695.3,678.65,660,642.3,624.2,604.75,586.7,569.25,554.05,537.15,520.3,503.6,491.15,477.35,464.2,450.7,437.35,425.8,416.1,405.7,398.45,388.8,380.2,371.1,363,355.4,347.15,339,331.3,325.4,320.1,314.3,309.4,305,302.3,297.95,293.4,288.85,284.05,279.95,275.3,270.35,267.25,264.05,260.95,257.95,253.4,250,247.95,246.15,244.1,241.75,238.7,236.35,232.75,230.9,229.2,226.9,223.35,219.9,217.7,216.95,216.9,216.7,217.05,217.6,218,217.85,215.65,213.7,211.95,211.35,209.65,207.65,205.35,202.8,200.3,198.3,196.9,196,194.35,193.8,193.55,193.9,193.25,192.65,193.35,193.7,194.55,194.6,194.8,194.9,196.15,198.75,201.4,204.6,207.6,209.15,210.2,211.35,211.45,211.1,210,207.2,204.4,201.45,198.5,195.4,192.4,189.75,187.3,184.75,182.15,179.4,177.85,174.95,171.75,169.85,168.95,166.95,165.15,162.8,161.3,161.3,161.6,161.95,162.2,162.75,164.15,165.75,167.2,169.2,171.35,172.6,172.5,164.25,156.4,148.6,140.45,132.55,124.9,117.2,109.2,101.1,normal
23,168.7,187.05,206.5,225.85,245.85,265.6,284.35,304,321.5,339.3,355.95,364.45,364.75,364.65,364.6,364.15,362.6,363.05,365.45,367.65,371,375.35,379.05,382.8,386.9,391.6,397.15,401.7,408.65,414.5,420.35,425.15,429.55,432.9,435.95,438.9,442,442.75,442.45,442.45,439.75,436.5,431.9,426.5,420,413.15,406.05,400.85,396.5,390.75,385.3,380.7,377.3,373.3,369.85,366.45,362.8,360.15,359.3,358.9,358.55,357.15,356,356.35,357.15,357.85,359.4,360.55,361,363.8,366.75,369.4,372.5,376.85,380.65,384.65,389.05,393,396,398.25,400.7,405.05,408.8,412.55,417,421.6,425.95,429.2,432.65,435.55,438.65,442.25,445.5,448.4,453.65,459.25,464.5,470.35,473.25,478.65,483.75,488.4,494.1,499.6,505.8,512.65,520.25,527.95,536.4,545.55,554.7,563.95,572.8,584.75,594.65,604.45,616.25,626.75,641.75,654.95,667.75,681.35,695.55,709.4,721.3,734.55,747.65,760.4,773.85,787.85,802.1,817.25,833.85,846.7,857.7,867.45,873.8,879.95,881.65,882.45,882.95,883,882.55,881.35,878.1,872.7,865.45,858.35,844.95,829.15,812.65,794.5,774.75,754.8,735.15,717,699.9,682.4,663.6,644.85,627,607.6,589.05,570.6,553.5,535.85,519.3,502.15,489.7,478.4,465.55,453.05,440.85,429.65,419.8,409.65,399.3,390.05,384.15,376.45,370.2,362.85,354.7,347.1,340.55,335.05,329.1,321.85,313.95,306.4,301.1,295.25,290.2,285.2,280.8,274.6,269.65,263.3,257.25,253.2,248.7,245.6,242.6,240.7,238.25,235.35,232.55,231.45,230.45,229.2,228.2,227.55,226,223.1,219.45,218.1,216.65,216.75,216.5,216.6,216.5,216.75,216.8,216.1,215.7,215.2,213.55,211.9,210.15,207.4,204.2,202.3,199.95,198.6,197.35,196.45,195.1,193.6,191.9,190.4,188.1,184.85,184,183.45,181.8,180.2,180.5,181.5,181.65,183,184.6,185,186.1,186.7,187.05,186.55,185.95,184.75,183.7,182.65,181.4,181.7,179.3,176.35,175.1,173.55,171.85,169.35,167.85,167.7,169.2,170.95,171,173.05,175.25,176.7,177.2,177.8,177.5,177.05,177.1,177.05,177.1,177.2,176.75,177.05,177.25,177.15,177.3,176.2,173.9,163.1,153.85,143.2,132.6,122.45,113.2,104.35,96.6,88.75,normal
24,162.95,181.3,201.15,221.35,241.1,260.35,278.75,298.3,316.65,334.4,351.35,360.8,361.6,362.4,362.15,362.45,362.45,364.4,367.05,370.3,374.35,378.55,381.5,385.15,389.95,394.9,400,405.05,411.95,418.2,424.45,430.25,436.4,440.6,443.85,446.3,448.75,448.7,449.05,447.5,444.35,441.1,436.25,430.9,424,417.6,411.65,405.95,400.3,396.05,390.65,384.6,378.3,374,370.85,367.3,364.2,361.3,359.8,360,359.45,358,357.6,357.55,358.35,359.45,361.15,361.95,362.25,362.65,365.05,367.95,371.45,374.95,379.05,383.3,388,391.95,395.35,398.8,401.35,404,408.5,411.8,416.15,420.6,424.6,428,432.15,435.2,438.6,441.7,445,447.8,451.95,457.45,462.3,468.2,471.75,477,482.45,488.85,493.65,501.3,508.05,514.75,522.65,531.4,539.65,549.3,558.05,567.55,576.6,585.9,595,604.05,615.5,626.05,640.3,652.8,665.85,680.05,694.85,707.15,719.35,732.65,745.8,757.85,771.6,785.2,799.15,812.3,827.6,841.25,852.95,865.15,874.45,881.7,885.6,887.25,887.85,887.7,886.9,885.5,881.25,874.75,866.65,858.9,845.2,829.95,814,797.65,779.4,760.75,742.05,722.05,700.35,681.75,661.15,641.9,623.2,603.45,584.6,566.3,550.4,533.85,517.3,501.55,489.15,475.4,464.7,452.5,439.85,429.15,419.15,409.8,402.15,393,384.4,375.7,368.05,360.6,352.85,344.75,337.3,331,325.85,318.3,310.65,305.5,297.7,291.85,287.45,283.25,278.2,272.5,267.75,261.95,258.55,256,253.2,250.75,247.25,244.6,242.35,240.5,237.15,235.75,234.9,233.1,232.15,230.45,226.95,223.15,219.35,216.2,214,213.6,213.75,213.2,213.25,212.8,212.5,212.05,209.8,207.35,206.4,204.4,200.9,198.35,195.2,195.1,194.35,194.05,194.45,194.4,193.35,191.9,189.8,188.55,187.05,185.75,185.2,184.45,185.6,186.9,187.1,188.2,191,193.95,196.55,196.9,199.35,201.15,203.3,204.65,205.45,205.6,206.15,205.5,203.65,202.05,200.1,199.8,198.75,196.9,196,194.1,191.9,189.65,189.1,188.45,186.5,184.05,180.9,178.3,175.65,173.85,172.15,171.05,171.1,171.25,171.25,169.25,167.45,166.3,165.6,165,164.65,164.1,163.3,154.05,145.3,137.25,129.25,121.25,113.55,105.75,97.8,89.9,normal
25,163.1,182.85,202.6,222.35,241.85,261.75,281.7,302,320.2,338.4,355.4,364.5,365.25,365.7,366.2,366.95,366.9,367.05,369.15,371.45,374.85,378.25,381.75,386.3,391.55,396.4,400.35,404.6,410.8,415.9,421.75,425.95,430.45,433.55,436.2,438.85,441.7,443.7,444.55,444.6,440.85,436.35,431.5,425.9,419.7,412.6,406.1,400.55,395.75,391.35,385.85,381.5,377.9,374.3,371.3,368.05,365.15,362.85,361.65,361.15,361.25,360.35,360.7,360.8,360.45,361.3,362.45,363,363.3,364.35,367.05,370.45,373.8,377.8,381.6,385.6,389.2,392.55,396.35,399.5,401.9,405.2,408.25,411.8,416.25,420.85,425.55,429.15,433.3,437.05,440.2,443.3,446.25,451.55,455.95,460.55,466.1,472.15,474.55,479.25,484.65,490.65,496,500.95,507.45,514.05,521.6,529.4,537.85,546.9,556.1,565.4,574.4,581.35,590.55,600.05,611.65,622.75,637.45,650.6,663.2,677.15,691.3,704.7,717.05,731.25,746,761.2,775.3,789.35,803.45,819.2,837.3,853.85,867.5,879.1,886.2,891.55,893.45,893.9,894.95,894.95,893.9,893.7,890.05,883.3,874.85,865.3,851.35,835.55,818.55,799.85,779.05,758.9,738.6,719.5,702.2,684.95,668,649.85,631.85,611.9,594.15,575.7,558.65,541.45,524.3,507.65,494.35,480.4,467.8,455.2,442.55,430.2,419.9,410,400,390.15,379.4,370.75,362.35,355.25,346.7,338.9,332.45,326.45,321.65,315.4,308.85,303.4,300.2,295.75,290.7,285.8,280.35,274.75,269.45,264.25,261.05,257.9,254.55,251.65,248.3,245.75,243.4,240.95,237.95,235.9,235.2,234.4,231.65,229.5,227.7,225.8,223.1,221,218.45,218.1,218.2,217.6,218.2,218.65,219.05,217.45,213.95,212.05,209.85,209.05,207.1,205.85,203.95,201.75,199.4,197.5,196.1,195.2,194.7,193.65,192.4,191.65,190.25,188.4,187.25,186.65,187.5,187.35,187.1,186.8,187.25,188.6,189.1,190.4,191.8,193.1,195,196.2,198.05,198.8,198.35,197.15,195.2,193.5,191.7,189.95,188.4,186.75,185.15,182.7,180.15,177.4,177.3,176,174.65,173.35,171.55,169.1,165.6,162.8,161.35,160.85,160.8,160.7,160.35,160.3,160.7,162.25,164.75,166.9,169.6,172.2,173.8,165.5,157.55,149.5,141.4,133.5,125.8,117.95,110,102.05,normal
26,163.95,182.45,201.55,221.1,240.5,259.5,277.95,297.65,315.55,334.25,351.4,360.25,361.25,362.35,362.8,362.7,363.6,365.65,368,370.65,372.3,376.05,381.1,386,391.25,396.6,402.7,407.6,413.45,418,423.6,428.75,433.2,436.35,439.05,442.25,444.6,444.95,445.25,445.05,442.45,439.05,433.05,427.15,420.85,414.35,407.25,402.2,397.9,393.85,388.8,384,379.5,375.95,372.2,369.45,366.75,364.15,362.95,361.45,361.2,360,359.65,359,359.1,359.65,361.05,360.95,361.95,363.2,365.65,368.5,371.9,375.4,379.7,382.65,386.2,389.8,392.7,396.45,399.8,403.15,406.95,411.55,415.1,419.4,423.1,426.9,430.65,433.6,436.7,439.85,443.15,446.35,450.65,456,461.9,467.2,470.5,475.7,480.85,486.75,492.15,497.1,504.55,511.3,519.25,526.75,534.65,543.6,552.6,561.7,570.4,579.45,588.8,597.25,608.9,620,635.25,646.45,659.7,673.2,687.25,700.6,712.15,725.85,740,754.85,769.35,783.55,797.6,813.3,830.1,844.15,855.95,867.05,872.9,878.25,879.2,881.2,881.55,881.95,881.8,880.95,877.8,871.7,863.75,854.55,842.4,827.5,814,795.95,776.65,758.15,739.25,721,704.2,687.35,669.05,651.55,634.45,615.4,596.7,578,561.15,543.95,526.55,509.35,494.85,480.5,464.55,451.85,439.1,427.35,416.8,406.4,396.7,385.8,376.35,367.15,359.95,352.05,342.7,335.3,328.1,322.3,317.7,311.45,303.6,298.05,292.8,287.15,282.65,278.6,274.1,270,265.55,262.3,259.85,256.9,251.8,248.7,246.45,244.85,243.65,242.25,239.8,239.1,239.25,237.85,237,236.75,235,232.3,229.15,226.25,223.7,222.25,222.05,222.1,222.1,221.1,220.05,218.4,217.05,215.65,215.25,213.9,211.5,210.05,207.15,204,201.6,199.85,198.5,197.25,196.1,195.15,193.55,191.7,190.15,189.6,189.4,187.1,185.7,183.95,180.2,178.5,178,177.1,178.15,179.15,180.25,181.3,183,183.75,183.95,183.4,182.15,180.8,179.3,178.35,177.2,177,175.6,175.1,176.1,175.8,175.55,176.75,177.8,177.5,176.3,175.1,173.55,173.35,172.3,170.9,170.6,170.75,170.65,170.2,169.85,169.75,169.05,168.05,167.2,166.4,165.45,164.3,163.5,154.7,146.5,138.65,130.6,121.35,112.75,104.85,96.85,88.85,normal
27,165.45,185.3,205.45,225.2,245,264.6,283.75,303.9,321.4,338.2,355.35,364.65,365.45,364.8,364.55,364.45,365.6,367.85,370,373.05,376.3,379.05,381.9,386.15,390.9,395.8,400.8,404.9,411.75,418.15,424.05,429.3,433.95,437.55,441.25,443.7,445.9,445.5,445.8,444.95,441.35,437.4,434.15,428.85,422.75,416,409.7,404.3,400.1,396.6,391.3,385.85,381.5,377.9,373.85,370.25,367.35,365.1,364.2,363.7,364.5,363.95,362.05,360.95,360.25,360.8,361.1,362.25,362.35,363.2,365.55,368.35,371.45,376.55,380.8,385.5,389.7,393.9,396.85,399.8,401.4,404.05,407.8,411.95,417.2,422.15,426.9,429.85,433.9,436.6,440.15,443.55,446.85,449.05,453.3,457.95,463.2,468.55,471.7,477.15,482.7,488.8,494.3,500.15,506.35,511.85,520.1,528,536,545.3,554.05,563.25,573.15,582.3,591.75,601.55,612.55,623,637.55,650.05,662.85,677.15,691.75,706,718.85,733.5,746.25,759.55,773.9,788.75,802.95,818.55,834.35,849.9,861.9,872.35,880.3,887.6,892.75,895.45,897.15,896.9,896.2,894.5,890.3,884.4,877.1,869.4,854.8,838.3,821.45,802.7,783.05,762.8,743.45,725.4,707.35,689.35,667.55,647.35,628.15,609.65,591.45,573.9,557.25,539.7,522.85,505.7,493.25,480.45,470.25,458.05,445.5,434.7,424.4,414.3,403.95,394.05,386,377.35,369.3,359.7,350.95,342.25,335.95,330.1,324.45,317.45,309.4,303.1,294.6,288.8,283.95,278.95,274.35,269.4,266.25,260.95,256.75,253.4,250.05,248,244.85,242.4,238.5,236.05,233.2,232.85,233.2,231.05,229.55,227.55,224.85,221.5,218.25,215.95,213.1,212.1,211.95,211.4,210.8,210.55,209.95,208.6,207.55,205.75,205.35,204.05,201.6,201.25,199.95,198.35,196.5,197,196.15,195.2,194.1,193.5,192.35,191.7,190.95,190.3,190.9,191.6,192.8,193.9,193.9,194.4,196.1,197.6,200.25,202.9,204.45,204.55,205.6,205.5,205.05,204.35,202.65,201.15,201.1,199.9,197.1,194.3,191.35,189.75,188.9,187.45,185.5,183.55,182.7,180.8,179.6,178.15,176.9,175.5,174,172.9,172.75,172.65,171.25,170.55,171.55,172.2,171.85,170.5,169.05,167.6,167.5,166.85,165.35,156.8,148.8,140.5,132.3,124.2,116.35,108.1,100.25,92.15,normal
28,165.8,184.3,203,222.5,242.4,262.3,281.9,301.65,320.1,338.1,355.35,364.65,365.4,366.6,366.7,366.45,365.8,367.75,369.85,371.7,376.4,380.45,384.55,388.3,392.65,397.3,400.9,405.7,412.15,417.7,423.55,428.35,433.55,436.45,439.3,441.5,443.65,443.4,444.1,443.1,439.5,436.45,432.05,427.35,421.25,413.85,408.3,402.6,396.7,392.05,386.4,381.6,376.85,373.1,369.95,366.7,363.7,361.45,360.35,359.7,358.35,356.6,356.1,357.1,357.2,358.7,358.9,358.85,359.9,361.5,364.4,367.25,370.7,375.2,379.15,383.65,388,390.9,393.8,397.7,401.15,404.3,408.15,410.85,415.5,419.7,424.4,429.1,433.2,436.15,439.15,442.2,445.4,447.65,451.95,456.8,461.8,467.9,471,476.05,481.6,487.65,492.9,498,504.4,510.8,518.9,526.4,534.55,543.75,552.35,562,571,580.25,589.35,598.65,610.1,620.85,635.5,648.5,661.75,675.05,689.4,703.1,714.55,727.85,740.9,753.55,767.95,782.65,800.4,818.85,837.6,854.65,868.45,880.05,887.4,893.35,894.3,894.45,894.3,894.4,893.65,893.15,888.6,882.1,874.25,866.7,851.45,834.4,814.8,793.3,771.7,750.55,729.75,710.45,692.9,676.3,658.3,639.7,623.9,605.3,585.05,565.65,550.6,534.8,519.05,503.25,491.9,478.65,465.15,452.55,440.05,428.6,419,408.95,398.9,389.15,380.3,372.05,361.75,353.75,347.45,340.85,333.3,326.75,320.35,312.8,305,299.45,294.35,288.1,282,277.4,270.55,265.25,260.3,254,250.85,247.95,245.6,242.6,239.45,236.45,234.9,232.65,230.7,229.35,228.95,227.95,227.4,227.45,226.75,223.85,222.15,218.9,215.75,214.65,213.4,213,212.85,212.1,211.5,210.25,208.4,206.95,205.9,205.1,202.75,200.5,197.55,194.7,192.3,190.8,189.8,189.85,189.85,189.35,188.95,188.05,186.25,185.8,186.15,185.3,184.8,184.45,184,184.2,185.5,188.55,190.25,191.85,193,194.9,196.95,199.05,201.05,201.2,199.85,197.95,196.75,194.95,192.25,190.65,188.4,186.5,184.25,181.65,178.8,176.05,177.15,176.8,176.45,174.8,172.3,169.15,165.7,164.15,163.8,163.95,163.85,164.25,164.2,164.25,164.7,164.95,165.05,165.45,167.3,168.15,166.8,157.55,148.9,140.6,132.8,125,117.15,109.2,101.4,93.4,normal
29,165.8,184.7,204.15,224.45,244.1,263.25,281.95,301.35,318.95,336.55,353.65,362,361.95,361.4,361.05,361.3,361.6,365.4,368.05,370.9,374.15,377.95,381.85,384.65,389.2,394.55,400.15,404.7,411.5,417.15,422.75,427.55,431.65,434.75,437.2,439.2,441.5,441.35,441.4,440.6,436.5,432.7,427.4,422.8,417.1,410.4,403.55,398.3,391.55,386.95,381.65,376.8,373.05,370.9,368.85,366.4,363.6,362.05,361.2,360.8,361.15,360,360,359.85,359.6,360.9,361.85,362.9,365.4,367.2,370,373.6,377,380.05,383.75,387.5,391.1,393.55,396.55,399.2,402.1,405,408.6,411.65,416,419.1,423.45,426.35,430.3,433.45,436.25,438.8,442,444.85,448.95,454.15,459.9,465.7,468.55,474.05,478.95,485.25,490.75,496.6,503.25,510.35,517.25,525.35,533.95,543.1,552.5,562.6,571.35,580.2,588.9,598.15,609.4,619.2,632.85,645.8,659.6,672.35,686.75,700.7,712.35,726.25,741.55,754.5,767.7,781.7,795.85,811,827.95,843.05,854.8,865.35,872.45,879.15,882,882.5,882.65,884.1,883.6,883,879.6,873.4,865.85,858.05,844.15,828.25,813.75,796.25,775.45,756.2,737.85,719.35,701.95,685.6,666.8,648.6,630.45,610.45,592,573.95,558.15,541.35,524.15,508.2,496.2,482.75,467.5,453.85,442.5,431.35,421.1,411.2,399.95,389.75,380.95,371.9,363.45,355.85,346.2,337.8,331.5,326.5,321.05,314.45,307,301.45,296.05,290.5,285.85,281.2,276.55,271.3,268.25,262.7,259.55,256.45,253.5,250.55,248.25,246.35,243.6,241.15,238.95,237.75,238,237.05,236.5,236,234.4,232.65,229.95,228.35,225.55,223.1,221.4,221.35,221.75,222.4,222.6,221.7,219.45,216.9,214.25,212.7,209.15,206.35,203.7,200.75,197.95,195.05,192.95,191.1,190.2,190.8,190.9,189.95,188.55,186.85,185.75,184,183.85,183.2,182.1,180.65,181,183.65,185.65,187,188.2,189.7,191.15,191.55,191.95,192.75,193.1,191.85,189.9,188.4,186.35,184.6,182.45,180.9,180.35,179.3,178.05,175.5,174.75,173.6,172.15,170.95,169.5,169.65,168.25,167.15,167.4,168.55,168.65,169.7,170.75,171.15,170.9,170.85,171,171.05,170.95,170.8,169.35,161.3,153.55,145.35,137.5,128.15,119.85,110.75,100.65,90.9,normal
30,165.9,184.3,203.6,223.25,243.35,262.95,281.85,301.25,318.95,337.45,354.75,363.35,363.55,363.15,363.5,363.35,364.55,366.45,368.65,371.55,375.7,380.95,384.6,388.05,392.45,397.2,402.45,407.9,414.55,419.65,425.2,430.7,436.55,440.7,443.5,446,447.95,448.2,448.9,447.65,443.75,439.5,435.3,431.6,426.05,420.15,416.1,411.1,406.65,402.15,396.65,391.25,385.55,380.9,377.35,374.4,371.65,368.95,367.3,367.1,366.55,365.05,364,363,362.15,362.1,360.5,360.55,361.3,362.75,365.5,368.4,371.65,376.1,380.3,383.75,387.4,391.5,394.45,396.9,399.5,403.4,407.6,411,416.15,420.6,424.75,428.3,431.75,435.05,438.3,441.8,444.65,447.65,452.4,458.2,463.65,468.75,472.25,478.3,483.8,488.8,493.75,499.2,504.95,511.8,519.85,526.3,534.35,543.25,551.2,561.6,570.85,579.55,588.7,597.65,609.15,620.4,635.35,647.8,661.25,675.05,689.75,703.4,715.1,728.6,742.25,756.2,770.45,784.65,799.85,813.3,830.05,844.8,856.35,867.25,874.85,880.8,882.2,882.7,886.3,887.55,886.8,886.65,883.85,877.1,868.9,861.4,847.1,831.55,815.25,797.35,777.95,759.3,740.5,721.95,704.15,687.3,668.95,650.7,629.1,609.9,591.25,572,555.05,538.35,521.7,505.2,492.2,477.95,464.95,452.55,442.55,431.65,419.75,408.85,398.3,387.85,378.6,370.3,363.35,353.7,345.65,338.15,331.7,326.25,321,315.05,308.3,303.25,298.25,293.7,286.8,281.9,278.9,274.8,270.7,265.35,262.2,259.2,254.95,253,249.85,246.65,243.15,240.6,238.85,237.4,237.7,236.7,235.35,232.85,228.95,225.35,221.9,219.85,218.1,217.15,216.85,216.6,216.85,216.05,215.15,214.35,213.35,211.85,208.95,205.7,201.2,198.25,195.55,193.75,192.65,191.5,190.25,187.9,184.85,183,181.45,179.8,178,176.8,176.6,176.5,176.95,177.8,179,180.6,183.3,185.85,187.55,189.2,190.05,190.45,190.8,192.65,194.65,195.95,195.9,194.65,193.35,192.45,190.5,188.45,186,182.95,180.45,177.95,176.9,175.6,174.2,172.5,171.85,171.6,171.1,169,166.7,164.85,163.75,163.45,163.3,163.05,163.45,163.8,163.8,164,163.7,163.8,162,160.7,160.95,152.9,144.85,136.7,128.8,120.9,113.15,105.25,97.3,89.6,normal
31,165.15,184.4,204.05,223.6,243.35,264.05,283.45,303.85,322.25,340.8,357.55,366.45,367.3,367.75,367.4,367.55,369.25,370.55,372.6,375.2,378.05,381.25,384.75,388.6,392.9,396.8,401.6,406.05,412.95,418.45,424.55,430,434.6,438.05,441.25,443.55,445.1,445.25,446,445.65,442.1,438.45,433.55,428.9,423.1,416.6,410,403.6,398.3,393.8,388.6,383.2,378.95,375.15,371.9,369.05,366.05,363.6,362.85,362.55,362.5,361.35,360.65,359.85,360,360.55,363.05,364.85,364.3,364.7,366.95,370.1,373,377.5,381.45,385.25,389.15,392.9,395.9,398.45,401.05,404.9,409.35,413.4,417.55,421.15,423.3,426.05,430.6,434.1,437.6,440.85,444.05,446.85,451.65,456.9,462.3,467.05,470.2,476.2,481.55,487.3,492.1,497.45,504.4,511.85,520,528.15,536.45,545.55,554.6,563.6,572.25,581.3,590.25,599.55,610.85,622.75,637.25,649.9,663.1,676.5,691.3,704.8,716.4,729.85,743.5,756.2,770.05,783.95,797.2,812.4,828.55,844.75,857.65,868.8,875.55,880.85,881.75,881.5,881.5,881.65,881,880.5,877,870.85,864.65,857.1,843.35,827.85,812,794.2,775.7,755.8,736.6,717.45,700.65,684.25,666.1,647.65,629.7,610.75,589.45,570.1,553.35,536.35,518.3,502.1,489.25,475.4,462.35,449.55,436.8,423.7,412.2,402.15,391.7,382.3,373.8,365.8,357.75,349.35,344.25,336.95,330.1,324.3,318.5,311.4,304.05,299.4,295,289.5,284.3,282.25,278.1,273.9,268,261.65,258.15,255.1,252.15,249.7,245.9,243.7,241.35,238.85,236.25,234.75,234.3,231.6,229.1,226.75,224.1,218.95,214.8,210.1,208.2,207.15,206.6,206.3,206.55,206.35,205.95,204.9,203.6,203.1,201.75,199.95,196.55,195.7,193.75,192.5,191.4,190.4,190.3,190.15,189.8,189.3,188.75,187.9,186.5,185.35,185.1,185.4,186.05,185.25,186.15,187.4,189.95,192.3,194.2,196.25,197.55,199.2,200.1,202,202.3,201.2,200.25,198.5,196.85,196.5,194.7,192.15,189.2,187,184.35,181.45,178.5,175.35,174.9,173.6,172.4,170.9,169.65,167.5,165.9,165.2,164.25,164,163.9,162.8,162.4,162.2,162.05,162.2,162,161.9,162.3,164.2,164.2,155.55,147.5,139.65,131.75,123.75,115.95,108.05,100.05,92.2,normal
32,163.9,182.55,202.1,221.8,241.35,261.25,280.85,300.95,319.3,337.9,354.95,363.7,365.05,365.35,364.8,364.6,365.9,368,369.9,372.55,376.4,380.5,383.8,387.55,392.85,397.7,402.8,407.25,413.2,417.8,423.25,427.35,431.7,435.5,438.75,441.3,443.65,443.9,444.6,444.2,439.95,436.4,432.15,427.3,420.55,413.95,406.65,401.2,396.85,393.15,388.3,384.25,379.95,376,373.05,371.05,367.4,364.55,361.4,359.95,359.15,357.4,356.65,355.9,355.65,355.9,356.7,357.3,357.2,357.75,359.95,363.15,366.75,370.85,374.25,377.15,381.35,385.6,390.5,393.85,396.75,401,405.15,409.3,414.2,418.6,423.4,426.25,430.3,433.55,437.25,442,445.3,448.25,453.2,458.55,464.4,469.55,473.25,479.3,485.15,490.35,495.3,500.4,506.95,513.75,521.3,529.85,538.6,548.05,556.95,564.7,573.6,582.55,590.95,599.85,610.5,621.55,636.25,649.1,663.4,676.95,691.25,705.3,717.7,731.55,745.25,758.3,771.85,785.75,799.3,814.65,832.7,849.65,864.1,876.65,885,891,892.55,892.65,892.1,892.25,891.95,891.45,887.6,880.75,872.6,864.4,852.75,836.85,820.95,802.3,782.05,761.05,739.85,719.3,701.25,684.35,665.8,647.4,629.05,609.75,590.65,572.5,556.15,539.6,523.4,507.15,492.1,478.5,465.55,453.1,439.5,428.15,418.25,408.95,398.55,388.15,378.9,370.45,363.1,354.5,346.7,339.25,330.5,324.55,319.8,314.35,307.25,301.45,295.9,289.85,285.55,281.25,276.6,271.5,267.25,261.7,258.4,254.95,251.2,249.1,245.7,242.9,242.8,241.2,238.45,236.3,235.9,235.35,234.9,233.85,231.15,227.55,224.3,220.8,218.1,217.25,217.25,216.45,215.55,214.85,214.05,212.05,209.55,206.9,204.55,202.35,199.5,198.6,196.35,194.5,192.75,191.35,189.85,189.25,187.6,186.6,185.2,184.85,184.4,183.95,184.25,184.55,185.3,186.15,186.9,187.15,188.9,189.1,189.3,190.25,190.5,191,191.5,191,190.9,189.9,188.4,187.1,185.6,184.2,182.15,179.6,176.75,173.95,171.35,169.4,166.7,164.95,165.4,164.85,164.8,164.25,163.55,163.3,162.7,162.5,162.3,162.3,163.05,163,162.9,163,163.15,163.6,163.6,163.25,163.15,163,161.65,153.25,145.2,137.45,129.7,121.85,114.05,106,98.2,90.05,normal
33,164.35,182.3,202.25,221.95,242.05,262,282.1,302.65,320.3,338.25,355.25,363.95,363.95,363.6,363.65,363.55,364.45,365.3,367.2,370.2,374.2,379.05,382.2,385.75,389.7,394.85,399.05,403.5,411.15,417.15,423.1,428.25,434.65,439.2,441.8,444.15,446.35,447.45,448.4,447.75,444.1,440.2,435.1,430.6,425.1,417.8,410.75,404.1,398.25,391.75,386.1,381.1,376,371.8,368.15,365.1,362.35,359.25,358.2,357.8,357.95,357.15,356.9,356.45,356.15,356.9,358.05,359.2,360.1,363.45,366.35,369.05,372,375.8,380.2,384.8,388.6,392.4,394.75,397.55,400.25,402.95,406.85,410.25,414.5,418.75,423.65,427.2,430.95,433.7,436.8,440.2,443.7,446.75,451.2,455.8,461.5,467.45,470.95,476.55,481.3,487.3,492.4,498.1,504.8,511.55,518.75,526.55,534.4,542.55,550.4,559.4,570.25,579.45,588.4,597.45,608.5,619.55,634.45,647.3,660.55,674.75,689,702.25,713.9,727.55,740.75,753.55,767.6,782.3,797.75,812.3,825.8,839.55,851.15,861.7,868.75,873.75,875.3,875.7,876.45,874.7,872.95,871.05,867.55,860.8,853.4,845.9,831.95,816.3,799.15,781.7,763.15,745.5,727.3,709.6,692.7,677.25,659.2,640.7,622.45,604.35,587.35,570.65,554.4,537.85,521.15,504.6,492.35,478.95,466.4,454.2,441.8,429.6,417.7,404.7,394.1,384.5,375.85,367.05,360,353.1,344.95,337.2,330.3,324.5,319.4,312.45,305.2,300,295,289.2,284.55,280.1,276.55,273.95,269.55,262.9,259.1,256,251.8,248.45,244.85,241.85,239.1,237.35,234.6,233.6,232.75,231.4,230.2,229.65,227.25,225.35,224.25,222.7,220.65,220.65,220.4,220.95,221,220.45,220.6,219.05,217.25,215.65,215.05,214.15,211.95,209.35,206.7,204.1,202.15,199.9,196.85,194.7,193.2,191,189.65,188.05,187.4,187.85,188.05,189.15,190.6,190.65,190.05,190.1,191.7,194.1,195.65,197.3,198.5,199.45,200.9,202.15,202.85,203.55,202.35,200.65,198.25,195.4,194,191.75,188.65,185.8,183.6,181,178.05,177.1,175.9,174.45,173.45,173.65,173.25,172.15,170.35,168.6,168.25,168.7,168.85,168.45,166.8,166.15,165.95,166.25,165.95,166.2,166.05,165.25,166.65,158.35,150.15,140.9,131.9,123.05,114.95,107.1,99.05,90.65,normal
34,164.3,182.75,202.75,222.05,242.65,262.35,281.65,301.65,319.2,337.15,354.4,363,363.25,362.85,363.05,362.9,363.3,365.3,366.9,370.4,375.15,380.1,382.9,386.9,390.6,395.85,401.05,405.65,412.65,417.7,423.1,428.2,433.25,437.7,440.25,444,446.45,446.85,446.5,446.2,441.85,437.1,431.95,427.35,421.45,414.05,407.05,401.1,395.2,391.4,386.4,381.8,377.9,374.3,370.95,366.2,363.2,360.2,360.4,359.35,358.95,357.9,358.2,357.75,357.9,359.1,359.9,359.7,359.95,361.05,363.1,366.5,369.65,373.25,377.65,382.15,385.85,390.45,392.95,395.9,398.85,402.55,406.6,410.25,414.45,418.55,423.15,428.05,433.45,436.55,440.05,442.75,446.2,449.25,453.35,458.75,464.4,469,472.8,478.5,483.3,488.9,495.05,501.15,507.75,514.35,521.85,529.55,537.8,547.2,556.3,565.05,573.8,583.1,592.75,601.9,613.25,624.65,638.85,652.05,665.5,679.55,692.7,705.65,717.3,731.15,745.35,758.9,773,787.8,802.25,817.55,832.1,845.3,859.55,871.4,878.8,884.75,886.85,887.1,887.7,887.25,886.75,886.1,882.75,876.35,869,858.9,843.6,825.85,808.9,791.45,773.25,754.85,733.3,713.3,695.35,678.4,659.45,641.05,622.55,603.55,585.2,565.35,547.95,531.4,513.8,499.3,487.2,474.55,461.65,448.05,436.15,425.3,415.4,405.55,395.75,385.6,376.7,368.05,360.2,352.35,344,338.1,332.15,326.1,321.1,313.65,306.75,301.6,296.75,291.9,287.45,283.45,279.4,275.95,270.35,265.1,261.8,258.7,255.7,252.9,249.4,246.1,243.45,240.9,238.4,238.35,238.05,236.8,235.6,233.45,230.05,226.55,222.2,218.6,217.55,216,215.5,215.4,215.35,215.05,214.95,214.7,214.25,213.45,211.4,208.6,205,202.35,201.45,201.25,200.5,199.05,197.65,195.65,193.6,193,191.8,190.3,188.9,187.3,186.45,185.25,184.6,184.35,183.8,183.65,185.6,188.15,188.3,188.45,189.6,191.1,192.4,193.15,194,194.2,194.2,194.85,195.8,196.8,196.35,195.15,192.6,189.85,188.55,187.05,184.8,182.4,182.4,182.7,182.65,181.95,180.9,179.95,178.2,176.7,175.35,173.15,170.3,167.95,166.55,165.85,165.75,166,166.4,166.55,167.35,167.1,166.2,156.5,147.1,138.35,130.2,122.1,114.15,106,98,90.15,normal
35,159.45,177.7,197.95,217.75,237.7,257.55,277.05,296.8,314.5,332.15,348.8,357.6,358.55,360.05,360.85,362,362.75,365.75,367.8,370.45,376.4,380.95,383.3,386.8,390.9,396.8,402.25,407.9,415.75,422.35,428.2,433.05,437.7,440.6,443.25,445.8,448.35,448.6,449.15,448.55,444.1,440,435.45,430.65,424.55,416.3,408.95,402.45,397.2,392.2,387,382.25,378.3,374.85,372.1,368.5,365.15,361.75,358.45,357.8,358.05,357.3,356.95,356.7,356.85,357.8,358.9,360,360,361.35,364,366.95,370,373.65,377.7,382.1,386.15,390.25,395.55,398.85,401.15,404.65,408.15,411.55,416.1,420.85,425.5,428.8,432.45,435.15,438.1,441.15,445.4,448.6,453.2,458.2,463.8,469.9,473.2,478.1,483.25,488.95,494.8,500.55,507,513.15,519.95,527.5,536.1,545.45,554.85,564.4,572.2,581,590.2,599.65,610.5,621.35,636.15,648.75,662,676.95,690.35,703.65,716.05,731.85,746.05,759,772.65,786.8,801.15,816.25,832.95,847.4,859,870.2,878.1,884,885.7,887.3,887.8,886.05,886.1,885.75,882.15,873.95,865.25,857.65,843.3,827.05,810.25,792.05,773.15,754.65,733.05,713.55,695.7,678.65,659.9,641.4,623.65,604.5,586.9,569.1,552.85,536.35,520.8,504.4,492.35,478.85,465.75,453.05,440.05,428.45,420.65,410.8,400.7,390.8,382.2,372.85,364.4,356.2,347.55,339.1,332.05,325.85,319.4,314.3,308.2,303.45,298.9,293.75,289.15,284.65,280.5,277.25,273.8,269.8,266.85,264.05,260.8,258.65,255,252.4,249.85,248,246.15,243.5,241,239.4,237.8,236.8,235,233.05,230.5,227.6,224.5,222.2,221.4,221,221.4,221.6,222.1,220.95,219.5,217.8,217,215.6,215,214.25,213.2,210.7,208.35,205.85,203.5,201.55,200.35,199.5,198.1,197,195.4,194.1,193.3,193.95,194.15,194,194.15,194.5,194.35,194.05,194.35,195.85,196.6,196.75,197.35,196.6,195.45,194,192.35,190.7,189.05,187.35,184.9,182,179.2,176.9,174,171,168.6,167.05,166.55,166.1,165.4,165.5,165.15,164.6,163.9,163.3,162.95,163.85,163.5,163.9,165.15,165.2,165.3,165.15,164.9,166,166.2,166.55,166.5,157.3,149.05,140.8,132.55,124.75,117,109.25,101.6,92.75,normal
36,163.35,181.8,201.5,221.4,241.65,261.4,280.7,300.6,319.35,337.85,354.9,363.25,364.4,365.05,365.1,365.25,367.35,369.95,373.3,378.95,384.2,388.75,391.65,395.35,399.3,404.15,408.9,413.55,418.85,423.4,428.05,432.4,436.25,438.85,441.7,444.35,445.15,444.8,444.35,441.55,436.55,433.3,428.95,424.05,418.4,411.55,404.8,397.3,390.75,386.5,383.9,379.9,375.95,372.35,368.75,365.45,361.95,359.55,358.5,357.65,357.75,356,355.6,355.1,354.85,356.25,357.7,360.8,363.55,365.1,365.65,368.25,371.7,375.9,380,384.3,388.5,392.1,395,397.65,401.75,404.9,408.55,412.3,416.55,420.35,424.65,427.55,431.6,434.45,438.35,441.45,444.9,448.05,453.35,458.65,464.65,470.45,474.1,479.85,483.45,489.15,495.25,500.45,507.45,514.15,521.15,529.2,537.35,546.8,555.7,566.3,575.5,584.65,593,602.2,613.4,624.55,639.45,652.6,665.7,679.95,693.75,707.8,719.2,732.75,746.8,759.5,773.5,788.15,802.1,816.65,833.85,850.2,864.4,876.05,883.25,888.85,890.4,891.55,892.2,891.8,890.9,890.2,885.2,877.75,869.95,862,847.75,831.2,814.7,796.55,775.9,755.6,734.9,715.25,697.75,680.55,661.45,642.4,624.2,604.65,586.35,567.9,552.15,536.3,519.25,502.7,490.5,476.75,463.55,450.35,437.85,426,415.7,405.65,393.75,384.05,376.7,367.9,359.75,353.3,345.5,337.6,331.6,325.65,320.65,314.25,306,301.25,296.15,290.55,285.5,280.65,276.6,273.1,271.25,266.8,262.05,259.15,255.9,252.15,248.8,246.1,243.85,241.5,238.8,236.7,235.5,232.75,230.55,229.8,227.65,226.45,223.9,220.8,217.9,216.45,216.6,216.55,217.05,217.1,217,216.75,215.85,214.65,213,212.4,212.9,213.6,214.15,212.95,212.15,209.05,206.3,204.55,202.8,201.15,199.3,196.45,193.4,191.05,188.1,185.6,183.55,182.55,182.15,181.9,180.9,180.6,179.8,179.8,180.15,181.65,182.8,183.35,183.5,183.05,181.9,181.8,181.35,180.55,180.35,179.55,178.55,177.35,176.15,174.4,172.35,170.7,171,172.4,172.95,172.9,172.25,170.45,169.3,168.65,168.25,167.95,168.3,168.5,168.35,168.4,168.35,168.35,168.4,168.5,169.05,168.95,167.95,157.25,147.45,138.1,129.45,121.55,113.35,105.05,97.35,89.65,normal
37,163.3,181.75,201.55,220.95,240.85,262.1,281.9,302.35,320.9,339.55,356.65,364.35,364.4,366.45,366.85,366.9,366.85,369.15,371.8,375.45,379.8,384,387.05,391.25,395.4,398.75,403.3,407.5,413.1,417.3,422.4,427.3,432.05,434.25,437.35,440.15,442.85,442.4,442.3,441.4,437.65,433.65,428.45,423.35,417.85,411.45,404.95,399.2,395.15,390.2,385.05,380.4,376.9,373.2,370.05,366.5,362.85,360.45,359.85,359.15,358.1,356.9,356.85,356.45,356,356.25,356.6,357.7,357.5,359.25,362.1,365.25,368.15,372.35,376.75,381.35,385.9,390.35,393.3,396.45,399.9,403.45,407.5,411.55,416.15,420.55,425.05,428.1,431.85,435.7,438.95,441.65,444.75,447.75,451.6,456.3,461.65,466.85,471.3,476.8,481.75,489.85,496.2,501.5,508.35,514.95,523,530.4,539.1,548.35,557.6,567.45,576.35,585.2,595,604.6,616.1,627,640.4,653.8,667.15,678.95,692.45,706.05,717.35,730.95,743.95,757.3,770.95,784.7,799.1,814.15,831.25,847.85,860.9,871.4,878.45,884.5,886.5,887.3,888.1,887.8,887.25,886.35,882.8,876.85,869.5,861.85,850.15,834.9,817.75,799.7,780.15,759.95,740.25,722.1,704.55,687.75,668.6,648.6,630.1,610.75,592.5,574.85,558.95,542.6,525.45,509.05,492.8,477.75,464.1,451.25,438.5,426.5,415.25,404.95,394.95,385.2,377.3,369.65,361.1,352.5,344.05,335.85,329.45,322.9,318.05,311.4,305.25,301.15,297.25,291.55,287,282.65,278.6,274.45,270.1,265.3,263.7,262.05,260.4,259.05,255.6,252.7,249.2,246.35,243.35,242.55,242.85,241.7,240.45,240.35,237.85,234.65,230.5,226.55,224,222.5,220.15,218.65,217.8,216.7,216.65,215,213.3,212.05,210.4,207.85,205.2,203.8,200.75,197.3,195.4,194.95,194.15,193.65,192.55,190.95,189.5,188.2,186.4,185.35,184.75,185.6,186.6,187.6,188.85,188.65,188.95,189.85,192.2,194.75,196.35,197.2,198.3,198.4,197.35,196.2,194.35,192.45,191.1,189.6,187.85,185.35,182.75,179.95,177.25,175.85,174.1,171.8,171.45,170.35,168.9,167.3,166.1,165.15,164.7,164.6,164.4,164.35,164.55,164.75,164.3,163.95,163.65,163.45,163.65,163.6,164.45,164.5,163.15,154,145.85,137.65,129.6,121.45,113.6,105.45,97.7,89.85,normal
38,162.95,181.1,201.4,222.1,241.9,261.6,280.1,300.05,317.8,335.85,353.05,361.65,362.15,362.55,362.45,362.4,361.9,364.7,367.3,370.4,376.45,381.75,384.65,387.95,392.55,397.1,401.85,405.1,410.4,415.2,420.6,426.45,431.65,435.95,439.5,442,443.55,443.45,443.85,443.4,438.95,434.65,430.2,424.65,418.45,411.9,406.35,400.4,396.45,392.95,387.9,382.15,377.85,374.1,370,366.95,364.95,362.05,360.55,357.65,357.05,355.65,354.6,354.5,354.7,355.85,357.05,359.6,360.7,361.8,364.25,367.2,370.4,374.25,378.4,382.4,386,390.1,393.25,398.85,401.95,405.6,409.75,412.95,417.3,421.6,425.7,429.1,432.9,435.75,439.1,444.1,447.75,450.7,456.2,461.6,467.4,472.9,476.1,481,486.2,491.7,496.85,502.65,509.1,515.6,523.15,531.1,539.4,548.8,558,565.75,574,582.85,591.1,600.35,611.05,622.15,637.4,650.35,663.7,677.7,691.9,706.45,720.2,734.15,747.25,759.7,773.4,787.3,801.75,817.3,834.2,849.8,863.6,875.2,882.35,887.85,889.2,889.75,890.15,889.95,889.4,887.75,882.6,875.7,867.75,860.05,846.75,831.1,813.8,795,774.65,754.7,733.8,713.7,693.65,676.45,657.65,638.9,620.4,600.75,582.15,563.1,546.45,529.9,513.8,497.2,483.8,469.9,456.85,444.65,432.95,420.9,410.2,400.2,394.05,385.3,376.5,367.9,359.65,352.4,344.3,336.85,330.4,324.65,319.3,312.6,307.05,304.7,300.85,295.5,290.4,285.95,280.8,275.6,270.5,264.25,260.7,257.6,255.1,252.25,248.9,247.4,245.25,243.45,242.1,243.35,243.45,240.55,238.4,237.2,235.35,232.95,230.8,229.2,226.45,225.95,226.05,225.8,226.15,225.85,225.7,224.7,223,221.35,218.55,215.3,210.65,207.15,204.4,201.85,199.6,198.1,196.45,195.15,194.35,193.05,191.8,191.05,189.2,188.45,188.55,188,188,187.95,188.8,188.95,190.85,193.25,195.55,196.3,198.9,201.4,203.65,204.55,203.9,203.25,201.4,199.5,197.95,196.1,193.55,190.9,188.1,185.5,183,180.3,177.3,174.7,174.1,173.35,171,168.9,166.8,164.7,163.7,162.65,162.85,162.85,162.6,162.7,164.15,165.7,166.9,167.8,167.65,167.95,167.95,168.85,168.3,160.2,152.15,143.95,136,128.2,120.1,112.25,104.2,96.25,normal
39,164.15,182.6,202.9,223.35,243.15,262.9,282.45,303,320.85,339.15,356.2,365.35,366.4,366.6,367,367.15,368.55,368.6,371.25,372.8,375.75,380.1,382.8,386.25,391.05,395.95,399.75,403.5,410.1,414.75,420.25,424.85,428.85,432.15,434.95,437.15,438.9,441.15,441.25,441.9,438.3,434.5,430,424.85,418.5,412.25,406.35,401.15,396.7,391.6,386.5,381.65,377.75,374.6,371.7,368.25,365.15,362.5,361,360.3,360.2,358.95,358.25,357.75,357.95,357.7,359.05,358.75,358.85,361.4,364.05,367.4,370.45,374.15,377.7,381.9,386.1,390.1,393.25,395.85,399,404.05,407.65,411.05,415.55,420.4,424.35,428.85,432.35,435.65,439.3,442.05,445.55,448.55,452.85,458.55,464.3,469.75,472.8,478.3,483.3,487.5,493.05,498.65,505.05,511.5,519.3,527,535.6,544.6,553.15,562.8,571.65,583.3,593.65,602.85,614.55,626.8,642.25,655.5,668.95,682.4,696.8,711.25,723.8,738.35,751.95,764.7,777.5,791.3,805.85,821.25,838.2,850.4,861.1,871.65,877.35,880.7,881.25,881,881.6,882.05,881.4,879.65,875.25,869.1,859.3,851,838.05,822.8,805.85,787.1,767.65,749.35,731.35,712.85,696.4,680.2,662.25,644.85,626.35,606.65,589.1,571.5,554.95,536.6,519.75,504.15,491,476.75,463.9,451.4,438.75,426.4,416.3,406.15,396.15,386.75,379.85,371.05,362.55,357.25,349.1,341.1,334.5,329.45,327,320.15,314.1,309.4,304.3,298.55,293.3,288.75,283.3,278.45,274.15,268.2,263.15,259.75,257.15,251.95,247.95,245.75,243.7,240.95,237.4,235.95,234.35,232.85,231.75,231.05,229.65,227.35,224.2,221.45,218.75,218.8,218.5,218,217.45,217.6,217.65,215.55,212.9,211.2,209.4,208.2,206.25,203.7,200.75,198.3,195.5,193.5,191.8,190.6,188.9,187.15,185.95,184.9,183.9,182.3,181.45,182,183.55,184.25,185.2,186,187.9,191,193.75,196.7,198.25,199.65,200.4,200.25,199.3,198.25,196.6,194.85,193.4,192,189.8,186.75,183.5,182.35,181.05,179,176.85,174.85,173.95,172.1,170.85,170.65,171.6,171.65,171.7,171.2,170.95,171.25,171.1,171.05,170.85,171.3,171.4,170.35,168.95,168.25,167.3,166.8,166.1,157.05,149.05,140,130.6,122.15,114.15,106.2,98.4,90.45,normal
40,163.7,181.7,201.5,222,241.45,260.9,279.6,298.8,317.4,334.75,351.6,360.45,360.6,361,360.75,360.45,361.6,363.7,366.1,369.45,375.25,380.1,383.2,386.3,391.05,396,400.95,406.1,412.05,417.75,423.4,428.4,433.4,436.7,439.75,442.05,444.1,443.75,444.25,442.5,437.8,434.15,429.75,425.35,419.55,412.8,406.55,401.25,395.95,391.9,386.8,382.05,377.8,374.15,371.45,368.2,365.45,363.05,361.35,361.1,360.6,358.9,358,357.1,356.95,358.1,359.45,360.5,361.5,363.05,365.45,368.65,371.7,375.45,379.15,383.7,387.6,391.8,395.35,398.65,402.2,405.35,409.4,412.85,417.2,421.1,425.55,428.5,432.25,435.15,438.6,441.65,445,448.15,452.95,458,463.6,468.8,471.95,477.7,483.6,489.9,495.2,502.8,509.7,516.75,524.6,532.35,540.95,550.15,559.05,567.05,575.9,584.6,593.5,602.4,612.95,624,639.1,651.8,663.85,677.7,692.1,703.6,715.2,728.55,741.65,754.8,768.25,781.9,796.2,812.8,829.65,845.35,857.05,870.15,879.4,885.05,886,886.3,886.95,887.05,886.5,885.9,882.4,876.25,868.2,860.4,845.85,829.9,812.8,794.8,774.9,755.35,736.35,715.7,696.95,680.2,661.9,643.9,628.6,610.05,591.4,573.65,557.3,539.9,523.8,507.55,495.8,484.7,472.3,459.5,447.1,435,424.45,414.5,404,394.15,385.25,376.6,365.6,356.1,348.1,339.55,332.55,327,321.4,314.05,305.75,298.35,292.8,286.9,282.35,278.7,274.5,269.55,265,259.25,255.6,253.05,249.95,247.9,245.75,243.85,241.15,238.75,235.8,234.95,234.95,233.65,233.1,232.5,229.9,226.2,222.05,218.85,217.35,217.05,216.5,215,214.85,214.75,213.1,211.9,210.95,210.4,209.6,208.55,206.85,205.25,202.2,200.6,198.85,197.75,197.4,195.9,193.65,192.05,191.25,190.35,188.9,187.35,186.45,185.3,184.7,184.45,184.5,184.5,184.3,185.65,187.35,187.5,188.4,189.5,190.25,191.6,190.85,189.7,188.35,186.8,185.2,184.15,182.65,182.1,181.7,179.4,176.95,174.2,172.6,170.6,171.2,171.25,170.35,169.15,167.95,166.55,166.3,166,166,166.4,166.3,166.1,166.05,164.6,163,162.55,162.55,162.95,163.2,162.85,161.15,151.85,143.8,135.9,128.05,120.1,112.3,104.45,96.45,88.35,normal
41,163.8,182.25,202,221.95,241.5,261.3,280.9,301.35,319,337,354.25,363.4,364,363.8,363.05,362.7,363.45,365.7,367.8,370.95,374.55,378.7,381.8,385.2,389.4,393.1,396.9,400.75,407.7,412.6,418,422.6,427.5,431.65,434.5,436.95,439.45,439.1,439.75,439.85,436.45,433,428.45,423.95,418.7,412.85,406.9,401.45,396.65,393.45,388.5,383.9,380.05,376.25,373.45,370.5,367.15,365.05,363.35,362.35,362.45,361.1,361.45,361.2,362.05,363.65,365.05,366,366.65,367.4,369.6,372.45,375,378.6,382.15,385.95,390.4,393.85,397.3,400.9,403.55,406.5,410.65,414.6,418.25,422.15,426,429.3,432.95,435.75,439.15,442.5,446.2,450.45,455,460.15,465.4,470.9,474.5,479.75,484.5,491.15,495.15,499.9,506.35,512.7,520,527.65,535.8,545.05,554.15,563.3,572.3,580,589.8,599.05,610.2,620.95,635.2,647.55,661.05,674.7,689.4,702.9,714.5,727.55,742.2,754.9,766.85,780.45,794.6,810.5,824.7,838.05,849.25,859.6,866.1,871.5,873.15,873.8,874.15,873.7,870.9,870.35,867.75,862.85,855,847.8,835.5,820.25,803.75,785.15,768.2,750.3,731.45,713.1,696.2,680.1,663.75,646.15,629.35,610.45,593.8,575.05,557.75,540.4,523.85,507.65,494.75,480.8,467.75,454.55,441.4,430.05,419.9,410.45,401,391.4,381.05,371.6,362.25,353.7,344.6,336.8,330.4,324.85,318.95,311.9,304.95,299.45,296.65,292.8,287.25,282.9,278.25,272.35,267,260.7,256.5,253.5,250.2,248,245.55,243.4,240.05,236.8,234.6,234.5,234.85,234.35,230.95,229.05,228.5,227.1,225.25,223.8,222.7,222.65,222.9,223.15,223.4,222.95,223.5,222.95,222.6,221.45,220.1,217.6,214.95,211.95,208.9,207.85,205.55,202.55,199.7,198.05,196.25,194.65,193.3,191.7,190.3,187.65,185.6,184.35,183.15,183.4,183.35,183.25,183.45,185.65,188.3,189,191.85,194.85,198.15,198.85,198.95,198.05,196.5,195,193.65,193.75,192.7,190.75,189,186.3,183.8,181.75,179.85,178,177,175.55,173.65,171.25,168.05,166.7,165.05,164.55,164.3,164.2,163.85,164.1,163.95,164.05,163.8,164.9,167.25,169.35,171.65,172.55,172.6,163.7,154.55,146.1,138.15,129.95,122.2,114.25,106.35,98.55,normal
42,166.25,184.75,204.25,223.95,243.8,262.85,280.8,300.8,318.35,336.05,353.4,360.1,360.85,360.85,360.85,360.45,361.1,363.35,366,368.3,370.2,374.6,379.4,383.65,388,393.7,400.2,404.85,411.9,417.75,422.75,427.65,432,435.75,438.6,441,442.5,442.2,442.35,442.35,440.3,436.35,430.3,425.25,419.1,412.4,405.35,399.35,394.65,391.1,387.35,383.1,381.25,378.15,375.5,372.5,370.45,368.05,367.05,366.8,366.6,365.2,364.8,364.5,365.05,365.95,366.85,367.7,368.15,368.7,370.2,372.9,373.8,377.15,380.6,385.05,389.3,392.75,395.8,399,401.95,405.6,409.45,413.45,416.8,420.6,425.65,429.35,432.9,435.6,438.95,441.75,444.8,447.7,452.45,457.6,462.8,469.05,472.15,477.1,482.45,488.05,493.6,498.1,505.25,511.85,518.25,525.9,534.45,543.85,552.75,562.3,571.15,580.15,589.25,598.35,610.4,621.1,634.65,647.5,659.8,673.8,687.95,702.5,715.25,729.55,743.55,756.9,770.85,783.9,798.05,814.45,832.7,849.35,861.65,872.4,878.25,883,885.9,886.35,887.45,887.05,886.55,885.45,881.5,874.95,868.1,860.45,848.85,834.35,818.05,799.05,778,757.3,737.8,719.7,703.2,687.15,668.35,649.3,630.8,611.95,594,575.65,558.55,541.15,523.75,506.85,492.1,480.3,467.35,454.15,441.7,430.2,419.95,409.8,398.85,388.95,380.45,372.65,367.5,360.6,350.8,342.75,336.45,331,325.85,319.05,311,303.15,298,292.65,287.9,283.35,278.75,273.75,269.45,263.9,260.3,257.25,251.25,247.7,245.45,243.05,239.8,236.85,233.95,232.65,232.2,231.55,229.5,228.95,227.55,224.75,221.1,218.05,216.2,215.65,215.65,215.45,215.8,215.05,214,212.2,211.35,210.1,207.9,205.6,203.3,200.8,198.8,195.75,193.05,191.45,190.5,189.9,188.45,187.6,186.05,184.85,183,182.2,182.05,181.2,181.35,182,182.45,182.85,183,184.5,185.45,186.7,186.65,187.6,188.15,188.1,187.35,185.65,184.5,182.7,181.35,179.7,177.65,176.95,174.65,171.65,170.1,168.6,167.15,167,168.8,169.4,170.5,169.75,169.15,169.85,170.85,171.95,172.95,173.25,173.35,173.35,173.55,173,172.8,173.25,173.35,173,173.4,172.05,169.85,160.25,151.15,142.9,134.95,125.25,115.75,106.5,97.3,89.1,normal
43,165.35,183.75,203.35,223.05,243.2,263.3,283.15,303.75,321.45,338.95,356.25,365.45,366.3,367.55,367.2,367.45,368.4,370.65,373.3,375.95,379.7,384.15,387.45,391.25,395.3,399.55,404.05,407.85,414.8,420.3,425.9,431.4,435.55,438.4,441.3,443.1,444.55,444.05,444,443.75,439.05,435,431.95,427.45,421.85,415.7,409.1,403.25,397.95,394.05,388.75,383.35,379.3,374.95,372.15,368.75,365.25,362.75,361.2,359.85,359.9,358.8,356.55,355.6,355.25,355.6,355.95,357.1,358.1,359.15,361.6,364.55,367.65,372.75,376.25,381.15,385.7,390.2,393.6,397,400.35,403.35,407.55,411.3,416.1,420.55,425.65,429.3,432.95,436.2,439.3,441.95,445.5,447.85,452.55,457.75,463.2,468,471.4,476.75,481.55,487.55,492.75,498.25,504.9,511.05,518.55,526.6,533.4,542.55,551.65,561.35,571.35,580,589.75,598.5,609.75,620.8,635.25,647.9,661.3,675.2,689.5,703.9,716.35,730.6,743.65,756,771.5,785.8,800,815.7,832.15,847.9,859.05,870.05,876.8,883.35,887.8,890.4,891.65,891.95,891.5,890.6,886.15,879.7,872.3,864.6,850.65,833.95,817.1,798.9,778.5,759.85,742.15,724.45,707.6,690.35,668.75,647.6,628.35,608.25,588.6,569,552.4,535.8,519.7,503.6,491.15,478.2,467.45,454.4,441.75,430.65,419.95,408.7,398.75,388.65,380.1,372.3,364.3,356.4,349.05,342.15,335.65,330,325.15,319.15,313,309.5,303.35,297.85,293.25,287.5,282.2,277.8,273,267,263.55,260.55,258,256,253.05,249.55,246.25,243.45,239.4,237.5,235.75,232.85,230.85,230.45,228.55,225.45,222.35,220.3,218.05,217.55,217.9,218.05,217.75,216.9,216.7,216.45,216.15,214.15,212.1,209.4,205.5,202.65,199.85,196.75,194.3,193.1,191.75,190.15,189.05,188.2,186.7,186.85,186.45,187.15,187.2,187.65,187.6,188.2,189.6,191.4,193.95,196.9,199.85,201.8,203.7,205.7,207.4,208.1,207.95,207.75,206.35,203.3,200.6,198.2,195.45,192.4,189.2,186.95,185.6,183.35,181.85,180,179.75,179.9,180.1,179.6,179.5,178.55,177.3,175.75,175.35,175.25,175.2,174.7,174.45,174.2,174.4,174.55,173,172.35,171.35,170.55,169.25,159.2,149.15,139.4,129.85,121.1,113.2,105.25,97.35,89.35,normal
44,166.75,185.65,205.65,225.05,245.3,265.25,284.85,304.2,321.65,339.6,357.1,366,366,366.35,366.3,366.35,365.2,366.6,368.2,371.3,376.5,380.3,382.8,386.4,390.3,395,399.5,405.1,413.05,418.95,423.95,428.45,433.4,436.3,439.65,442.45,444.4,444.15,444.85,444.2,439.95,436.15,431.45,427.15,421.25,414.6,407.8,401.9,396.6,392.3,387.35,383.1,379,375.2,372,367.85,364.5,362.05,361.3,360.5,359.9,358.45,358.55,358.8,358.55,358.7,360.9,361.35,361.1,362.05,364.65,367.45,370.5,375,378.6,383.15,387.4,391.5,394.9,397.9,401.55,405.55,409.55,412.35,416.9,421.8,424.85,428.55,432.4,435.55,438.75,442.35,445.55,448.4,452.65,456.65,461.75,466.85,469.7,474.4,479.2,484.8,489.9,495.6,502.2,508.6,516.35,524.3,532.7,541.6,550.55,559.6,568.65,577.65,587.25,597.6,609.45,620.45,635.3,649.15,662.5,676,690.5,704.35,716.6,730.4,743.95,756.45,771.65,787,800.85,816.15,833.05,847.75,859.45,870.5,877.25,883.05,886,887.35,887.95,888.7,888.35,887.5,883.65,877.45,869.8,862.65,847.9,831.1,815.15,796.7,777.25,758.5,739.4,721.15,704.55,687.95,667.1,647.95,631.65,612.25,593.6,575.65,558.85,542.1,525.8,509.25,496.5,482.35,469.05,456.35,443.35,431.55,421.35,410.85,400.3,390.6,383.1,374,363.7,355.5,347.2,339,332.6,326.5,320.55,314.45,307.35,301.9,297.1,292.4,286.9,281.9,276.55,271.6,267.1,261.1,257.35,254.55,251.45,248,244.75,242.4,239.75,237.15,234.8,232.45,231.9,231.45,229.8,227.2,225.5,223.05,220.85,219.05,217.15,216.4,216.1,216,216.25,216.9,216.15,215.05,214.15,212.5,210.65,208.55,204.6,201.6,199.05,197.35,195.75,194.65,193,190.8,189.05,188.8,188.45,188.25,187.9,187.8,188.75,188.75,187.7,188.4,188.95,189.25,191.7,194.65,197.45,200.15,201.8,203.35,204.75,205.45,206.05,205.2,202.65,199.9,197,194.5,191.4,188.65,187,184.15,181.85,180.35,177.85,175.2,174.15,171.85,169.85,167.9,166.85,165.7,164.05,162.45,162.85,162.7,162.65,161.65,161.35,160.85,160.45,160.85,161.85,163.45,165.05,165.1,164.55,156.35,148.7,140.85,132.65,124.65,116.6,108.75,100.3,92.5,normal
45,167.2,185.65,205,224.45,244.25,264.2,283.75,304.2,321.85,339.95,357.1,366.05,366.3,365.1,364.15,364.1,364.6,366.75,369.4,372.05,375.75,379.65,383.3,387.35,391.9,396.55,400.45,403.95,410.65,415.5,421.05,426.15,430.85,434.2,437.3,440.2,442.35,441.85,441.65,441.2,437.95,434.75,429.4,424.75,418.4,411.4,405.65,400.4,396.05,392.85,387.85,382.75,378.65,377,373.3,370.05,366.95,364.4,363.7,362.9,362.05,360.6,360.4,359.9,360.3,361.2,361.7,362.7,363,364.05,366.65,370.25,373.8,376.1,380.35,384.05,388.1,391.65,393.95,396.65,399.8,403,407.35,410.85,415.15,418.6,422.45,426.1,429.95,433.2,436.15,438.95,442.05,445.2,449.8,455.3,460.85,466.8,470.75,476.45,481.45,487.35,492.45,497.75,504.35,511.95,520.55,528.05,536.4,544.95,554.05,563,571.65,580.45,589.05,597.8,608.5,618.45,631.4,643.6,657.55,672.4,687.05,700.65,712,725.75,739.1,755,770.2,785.4,799.7,815.6,833.35,849.6,863.25,875.35,883.5,890.5,893.9,895.15,894.95,894.1,893.9,893.2,889.9,883,874.85,864.35,848.6,833.05,818.65,800.5,781.35,761.35,741.2,722.1,704.25,687,668.2,649.65,631.15,611.3,592.7,574.75,558.5,542.2,526.4,510.45,497.9,482.4,467.2,454.15,440.25,428.55,418.45,408.1,397.55,388.2,379.6,371.35,363.55,356.15,347.3,339.15,331.05,325.15,319.75,313.1,306.65,302.3,297.5,292.85,288.75,284.8,280.95,277.35,274.2,269.3,265.55,262.5,259.35,256.7,253.4,251.5,250.75,248.85,246.15,244.25,243.3,241.65,240.35,238.75,236.85,234.6,230.7,227.35,224.55,223.1,223.1,221.1,220.2,219.3,218.8,216.55,214.6,212.05,210.75,209.7,206.85,204.1,201,198.05,195.1,192.15,190.5,188.25,186.15,184.5,183.2,183.75,183.2,182.6,182,182.5,183.2,182.85,182.65,183,183.65,186.05,189,191.45,192.85,193.85,193.85,193.65,193.1,193.4,192.95,191.25,189.65,188.3,186.7,184.55,181.35,180.05,177.95,175.4,173.75,171.15,170.25,168.9,167.85,166.75,166.5,166.05,165.6,164.75,164.95,165.55,166,166.05,165.95,165.55,165.6,165.5,165.7,165.25,165.5,165.9,164.15,155.3,147.1,139.3,131.5,123.7,115.75,107.1,97.8,89.1,normal
46,165.85,184.7,204.2,223.85,243.8,263.45,282.35,301.9,320.2,338.4,355.55,364.5,365.85,365.15,364.25,363.9,364.5,366.65,368.25,371,374.15,377.7,381.05,384.85,388.75,393.35,398.8,403.75,409.75,414.85,420.4,425.6,429.9,433.95,437.1,439.85,442,442.15,443.1,442.5,438.5,434.65,429.75,426.15,421.55,415.1,408.05,400.85,396.3,392.35,387.25,382.65,377.55,373.15,369.9,366.6,363.8,361.05,360.15,358.9,358.35,357.35,357.4,355.5,354.55,355.35,356.75,359.35,360.2,361.4,363.9,366.25,369.75,374.3,378.6,382.75,386.75,390.95,394.2,398.4,401.55,405.15,408.75,412.6,417.15,421.1,425.25,428.75,432.2,435.3,438.7,442.6,446.1,449.1,453.3,458.7,463.75,468.85,471.6,476.25,481.1,487.15,492.45,497.95,504.35,511.8,519.5,526.5,534.55,541.65,550.1,558.8,567.8,576.65,585.7,594.85,606.75,617.8,632.7,646.25,660.35,674.25,688.75,702.5,714.15,727.05,740.85,754.7,769,784.6,799.25,815,831.75,846.75,859.1,870.1,877.6,884.35,886.2,885.6,887.55,888,887.85,885.85,882.6,876.85,868.8,860.6,846.2,831.15,814.65,796.2,776.8,757.3,738.05,719.15,701.4,683.2,664.1,645.45,624.9,604.3,584.75,567.55,551.1,533.95,517.8,501.55,489,474.5,460.85,448.35,438.05,427.4,417.1,407.15,397.2,387.95,380.05,372.1,364.45,357.45,350.05,342.65,335.5,330,325,318.7,311.7,306.8,301.85,296.15,288.65,283.75,279.55,275.55,271.9,265.7,261.65,258.75,256.05,252.95,249.3,247.5,245.25,242.4,237.95,235.9,234.9,233.55,232.6,232.1,229.7,226.3,222.65,219.9,216.3,215.9,215.85,216.05,215.75,215.8,216.1,213.85,213.05,212.1,212.35,211.65,210.55,209.35,207.05,204.4,202.5,201.35,200.15,197.8,195.7,194.3,193.15,192.05,190.75,189.75,188.35,187.5,186.4,185.6,184.5,183.6,183.25,184.3,186.2,187.35,189.7,191.6,193,193.7,193.5,192.65,190.4,188.75,187.1,185.4,183.5,181.75,179.9,177.95,176.3,176.4,176.95,176.15,176.55,176.6,175.55,174.15,172.8,171.7,171.6,171.35,171.45,171.2,171.05,170.75,170.9,171.3,171.15,171.05,171.05,169.7,167.35,165.9,164.55,155.2,146.15,137.7,129.55,121.75,113.7,105.6,97.85,89.8,normal
47,163.15,182.1,201.45,221,241,260.9,279.7,299.55,317.35,334.9,352.05,361.25,362.95,363.6,363.6,363.6,363.95,366.45,368.8,371.15,374.65,378.45,382.05,385.95,389.85,394.3,399.7,404.35,410.9,416.3,421.8,426.2,429.75,432.95,436,438.6,440.95,440.9,441.2,441.4,437.5,433.15,427.75,422.5,416.4,409.95,403.65,398,393.55,390.4,385.7,381.15,377.95,374.15,370.85,367.15,363.85,361.2,360.45,359.85,359.35,358.55,358.65,357.95,358.7,360.4,362.5,363.85,363.6,363.85,365.8,369.1,371.7,375.8,380.2,385.15,389.6,393,396.5,399.6,402.95,406.3,409.95,414.2,418.2,421.5,423.85,426.5,429.35,432.9,436.45,439.55,443.2,446.15,450.9,455.95,461.4,466.95,469.65,475.1,482.55,488.65,494.3,500.1,506.8,513.4,521.55,529.3,538.8,547.75,556.75,565.95,574.3,583.3,592.25,601.05,612.1,623.65,638.7,651.5,662.5,675.95,690.25,704,715.95,729.8,743.35,756.4,770.55,784.35,798.3,813.6,828.65,842.55,854.05,865.3,873,878.9,881.95,883.1,883.6,884.1,883.75,880.75,876,868.7,860.8,852.9,838.8,822.4,805.75,787.6,769.95,752.4,734.2,715.95,698.1,681.1,660.25,640.4,621.65,601.65,580.9,564.3,547.7,531,514.5,497.95,485.4,472.55,459.55,446.8,434.4,422.65,412.1,401.05,390.95,380.9,372.2,364.2,356.1,349.1,343.3,336.2,330.55,325.95,320.15,313.25,306.85,302,297.55,292.6,288.05,282.05,275.5,270.75,265.35,259.7,256.4,253.1,250.05,247.05,243.25,240.5,237.1,233.85,232,231.4,230,228.4,226.95,225.4,223.4,223,222.85,221.55,220.55,220.15,220.1,220.5,221,220.35,220.6,219.4,219.6,218.6,216.35,215.05,212.8,211.3,208.85,206.35,203.85,200.95,198.25,196.2,194.55,192.8,191.35,189.85,188.1,186.95,184.45,182.55,181,180,180.15,180.55,182.25,184.25,186.6,189.3,191.65,193.8,194.85,195.35,195.1,196.8,198.3,198.35,198.6,198.1,197.55,196.55,195.1,193.45,191.9,189.15,186.1,183.15,181.95,179.55,177.3,175.4,174.3,172.85,171.75,168.85,165.95,164.25,162.3,161.65,161.9,162.1,162.25,162.85,163.35,163.95,164.25,164.45,163.45,155.2,147.15,139.05,130.9,122.95,115.1,107.2,99.35,91.25,normal
48,165.55,184.05,203.5,223.3,242.5,261.5,279.75,299.9,318.15,336.35,353.65,362.6,363.2,364.4,363.15,363.35,364.85,366.2,368.15,371.3,375.25,378.6,381.7,385.25,390.55,396,402.15,406.8,414.25,420.3,426.05,431.15,436.45,439.6,442.4,444.75,445.85,446,446.85,446.3,442.8,439.95,435.95,430.7,425,418.25,411.55,405.4,399.3,394.05,388.4,382.85,378.15,374.4,370.6,368.85,365.9,363.15,362.35,361.9,361.5,360.15,359.35,359.35,358.65,359,359.8,360.95,361.6,362.95,365.5,369.2,372.55,376.35,380.75,384.25,388.65,392.7,395.4,398.6,401.65,405.35,409.35,412.95,417.75,422.8,427.25,430.2,433.85,436.55,439.8,443.35,446.3,449.1,453.45,458,463.5,468.75,472.1,477.05,481.8,487.4,492.8,498.5,505.3,511.95,519.75,527.85,536.4,546.05,554.9,563.75,572.95,581.95,591.5,600.8,611.75,622.9,637.1,648.9,664.2,678.2,692.3,708.9,721.55,737.65,751.5,764.4,778.05,792.9,807.7,823.15,840.5,856.15,867.75,878.4,885.25,889.85,890.85,892.45,891,890.95,890.45,886.4,881.7,872.15,863.55,855.95,841.45,824.15,807.15,787.95,768.2,748,729.1,710.05,693.5,677.5,659.85,641.35,623.2,603.7,584.95,566.25,550.1,533.8,517.75,501.4,489.3,476.45,463.7,451.8,438.6,427.4,417,407.25,397.9,388.8,380.15,371.55,363.2,355.65,347.75,340.6,332.7,326.65,320.7,315.2,308.95,304.2,299.2,293.95,289,284.6,280.35,275.6,269.4,262.8,259.45,256.35,253.4,250.3,247.1,245.1,243.45,241.3,238.75,235.7,234,231.85,230.55,228.65,226.35,223.1,219.5,215.5,214.1,213.95,213.45,213.25,213.35,213.9,214.1,212.85,210.65,208.75,207.1,205.4,202,199.85,197,195,193,192,190.7,191.15,189.6,188.4,187.25,186.2,184.95,182.85,181.7,180.65,180.45,180.45,180.2,179.9,182.35,184.6,187.15,188.45,190.25,191.35,192.6,191.7,191.15,190.3,188.65,187.1,185.05,183.55,181.65,179.7,178.2,176.15,174.7,173.7,171.1,169.7,169.35,169.35,167.95,168.2,167.35,167.35,166.55,165.95,165.9,166.1,166.95,167,166.9,167.2,167,167.15,167.4,167.05,167.45,166.35,164.7,155.5,147.4,137.9,129.6,121.5,113.65,105.75,97.8,89.6,normal
49,162.35,180.65,200.75,220.1,240,260.45,280.9,301.05,318.9,336.95,353.95,362.95,363.8,363.95,365.65,366.3,368.35,370.55,372.8,376,380.05,384.55,387.8,391.75,396.05,400.15,403.85,408,414.8,419.95,425.95,431.85,436.65,440.7,441.75,443.5,445.25,445.35,445.7,445.25,441.3,437.3,431.75,426.6,420.6,414.4,407.8,402.25,395.85,391.1,385.4,379.15,374.45,370.7,367.4,365,363.9,361.8,360.25,359.4,358.95,357.95,358.15,358.55,358.4,358.5,359.6,360.75,362.9,365.1,367.95,371.25,374.45,378.25,382.75,386.45,388.3,391.6,394.45,397.7,401.4,404.55,408.25,411.25,416.25,420.8,424.6,427.7,431.25,434.3,437.45,440.55,444.05,446.9,451.65,456.7,462.3,468,472.35,477.85,482.4,488.4,495.75,501.7,507.95,514.8,523.3,531.15,539.2,546.55,554.2,563.65,574.45,583.5,591.75,601.1,612.25,622.85,637.3,649.75,663.2,677,689.45,703.5,715.9,729.2,742.95,755.95,770.25,785.6,801.15,816.95,832.85,849.8,864.15,876,883.95,890.55,892.75,893.85,894,893.7,892.05,890.4,886.7,880.45,872.05,864.25,849.7,834.6,818.25,799.7,777.85,756.65,735.8,715.5,697.3,679.3,659.85,641.4,623.1,603.8,585.85,567.7,550.55,533.6,517.2,501.15,489,474.25,460.85,448.2,436.7,425.25,413.45,403.9,394.45,385.25,376.3,367.6,359.6,351.5,343.6,335.65,329.15,323.15,317.95,311.05,303.3,298.2,292.65,286.75,282.15,277.8,274.55,269.75,264.75,258.85,255.4,252.3,249.35,247.15,244.15,242.4,239.6,236.95,233.3,231.4,230.1,228.1,226.3,224.3,220.8,217.4,214.25,212.6,210.3,209.95,210.2,210.05,210.5,210.95,211.25,210.4,209.95,208.6,207.3,206.85,207.05,207.7,207.5,206.6,205.45,204.35,203.05,201,199.65,196.95,194.05,191.55,188.25,185.95,184.5,182.85,181.7,182,183.05,183.2,183.4,184.3,185.45,187.3,188.9,190.45,191.45,191.75,190.6,190.85,190.8,190.05,189.85,189.15,187.25,186,185.3,184.1,182.8,181.3,179.45,176.65,174.2,172.4,172.8,171.8,170.8,169.65,169.55,169.2,169.25,169.65,169.75,169.35,169.25,168.75,167.45,166.6,165.7,164.5,163.55,163.4,164.4,156.05,146.3,137.75,129.75,121.85,113.95,105.95,97.9,89.65,normal
50,163.4,181.75,201.15,220.85,241.5,261.2,280.9,299.95,317.3,335.3,352.55,361.85,363.15,363.5,363.45,363.45,363.85,365.4,367.55,370.8,375.15,379.65,383.25,387.25,390.5,395.3,399.85,405.35,412.4,418.25,423.7,428.45,432.75,436.5,439.7,443.3,445.7,445.6,445.9,445.4,441.7,438.3,434.05,428.85,423.1,416.2,409.2,403.05,398.3,393.9,388.45,383.85,379.5,375,371.35,367.3,364,361.6,360.15,359.65,359.25,357.45,356.45,355.8,355.25,356.35,357.85,358.9,358.7,359.1,361.65,364.25,367.55,372.05,376.1,379.95,384.05,388.1,391.6,394.2,397.5,401.2,405.1,409.25,414.75,418.35,423.1,427.25,431.65,435.05,438.5,442.05,445.45,448.4,453.6,459,464.4,469.5,472.65,478.5,483.65,489.5,497,502.75,509.1,516.55,522.9,530.3,538.95,548.5,557.8,566.7,575.45,584.05,592.65,601.9,613.6,624.75,640.05,652.35,665.45,679.35,691.7,705.4,717.95,732,746.8,759.95,773.55,787.1,801.05,816.75,831.2,844.7,858.5,870,877.3,882.7,884.55,886.85,887.9,887.55,886.9,885.2,881.15,874.5,866.95,859.5,844.7,828.95,812,793.3,776.45,759.35,738.35,719,700.95,684.55,664.8,644.55,625.35,605.8,587.55,569.25,550.85,532.15,514.75,497.65,486.2,472.85,460.15,447.7,434.8,422.9,413.05,403.2,393.25,383.15,374.7,366.45,358.65,350.65,342.05,334.75,329.2,325.35,319.7,312.65,305.2,300,295.4,290.55,285.95,282.15,278.5,274.9,270.7,265,261.8,258.7,255.7,253.5,250.45,248.15,246.1,243.8,242.3,242.1,242.05,240.65,239.05,236.85,234,230.1,225.65,222.1,220.25,220,219.9,220.15,220.45,220.65,219.8,217.85,216.85,215.5,212.7,210.65,208,206.55,204.4,202.55,200.85,199.65,198.35,197.45,195.75,193.15,191.35,190.15,188.5,186.75,186.4,186.6,186.1,186.2,187.25,187.85,189.2,191.1,193.25,195.35,196.95,198.15,198.7,197.4,196.3,196.3,194.85,193.35,192.55,191.35,189.65,187.9,185.4,182.35,180.65,178.25,175.4,172.7,171.5,169.8,168.25,166.95,166,165.5,165.15,164.85,165.2,164.9,164,163.55,163.3,163.1,163.35,165.35,165.3,165.85,166.5,167.4,167.55,159.1,151.1,143.3,135.7,127.8,119.8,111.75,103.75,95.75,normal
51,167.85,186.2,205.55,225.3,245,264.55,283.35,302.75,320.1,338.15,355.25,363.95,363.45,363,362.75,362.5,362.15,363.75,365.35,368.35,372.9,377.3,382,386.45,391.05,397.25,403.4,408.8,415.8,420.7,425.8,430.45,435.65,439,441.55,444.35,446.45,446.55,447,446.85,442.8,438.7,432.2,426.6,420,411.75,404.25,398.65,394.3,390.85,386.35,382.15,378.15,374.3,371,367.8,364.65,361.3,358.25,357.3,356.4,355.6,355.9,355.9,356.75,358.4,359.7,360,360.2,360.8,362.9,365.75,368.6,372.75,377.15,381.35,385.85,390.45,395.3,397.55,401.1,404.15,407.75,410.9,415.1,418.7,423.3,426.75,430.25,433.7,437.05,439.75,442.95,446.15,450.25,455.65,460.75,466.15,469.95,476.45,481.5,487.55,493.2,498.85,505.55,512.2,519,527.05,535.65,544.85,554.2,563.9,573.4,582.1,591.35,600.4,611.9,622.8,636.9,647,659.95,672.95,685.7,698.95,713.05,728.05,741.75,755.2,769.55,784.35,798.65,814.65,833.1,851.1,865.1,876.2,883.3,889.05,890.95,894.2,895,895.8,896.3,895.85,889.75,882.1,874.9,866.85,853.15,837.25,820.15,801.15,779.8,757.15,733.65,714.4,696.8,679.4,660.8,642.2,624.4,604.8,587.15,569,552.5,535.9,519.6,503.2,489.3,474.65,461.9,449.5,436.7,425.8,418.55,408.35,398.8,388.9,379.8,370.95,362.45,355.1,346.55,338.8,331.9,327.3,320.25,312.75,307.95,304.15,299.35,294.25,290.1,286.1,281.35,276.9,271.75,266.6,263.2,260.15,256.75,254.05,250.3,247.55,245.35,241.8,240.2,239.25,236.9,234.5,233.05,230.5,227.15,223.4,219.65,216.5,214.5,212.7,210.25,208.65,207.2,206.15,205.9,205.75,204.9,203.1,201.15,199.3,196.6,193.9,191.2,189.95,188.45,187.45,186.5,186.15,184.5,184.2,185.3,185.55,185.4,184.55,183.75,181.8,180.35,179.65,179.35,179.1,179.8,180.3,181.85,182.7,184,184.8,185.9,184.85,184.55,184.85,184.65,183.45,182.25,180.85,179.2,177.75,175.9,174.5,173.25,171.9,170.15,170,170.3,169.75,168.45,167.5,166.25,165.8,164.75,163.2,161.95,161.45,161.4,162,163,163.15,163.35,163.4,163.45,163.4,163.65,163.5,162.55,154,146.1,138.15,130.2,122.5,114.75,106.85,98.85,91,normal
52,165.1,184.8,205.15,224.85,244.95,264.85,283.8,304.2,322,340.1,356.95,365.2,366,366.3,366.45,368.85,372.35,374.75,378,380.85,384.4,387.4,390.15,393.85,398.1,402.85,407.95,411.9,418.5,423.9,430.05,435.55,440.5,443.85,446.6,446.45,446.15,446.15,445.3,444.3,440.4,436.4,430.85,426,420.05,413.5,407.05,400.35,393.4,388.65,383.65,378.2,373.65,370.6,367,365.05,361.65,358.8,357.6,357.4,357.7,357.15,357.6,356.8,356.65,357.1,358,360.1,362.5,364.35,366.4,369.5,372.7,376.45,380.65,383.55,388.2,392.2,395.85,397.8,400.9,403.7,408.6,412.3,416.65,421.1,425.85,428.9,433.05,436.15,439.75,443.05,446.4,449.55,454.4,459.55,465.05,470.35,473.35,479.9,484.4,490.3,494.3,500.2,506.35,513.2,520.15,528.4,536.95,545.85,554.6,565.05,574.25,583,593.8,603.25,614.3,625.45,640.35,653.35,666.65,680.75,695,708.9,721.2,734.4,748.05,760.8,774.45,789.4,804.5,819.7,837.5,854.3,865.2,876.15,883.85,889.9,891.15,890.6,890.7,890.55,890.35,888.25,882.05,874.65,868.5,860.7,846.55,829.25,811.5,792.4,771.2,751.2,731.15,711.55,693.2,675.7,656.95,638.45,620.3,600.6,582.2,565.3,551.75,535.95,517.65,500.9,488.65,475.65,462.55,449.35,436.9,424.5,415.15,406.1,394.9,385.4,378,370.1,362.05,354.85,346.75,339.05,331.9,326.85,322.2,315.75,308.1,302.25,297.65,292.25,287.55,283.15,278,272.9,269.8,263.35,259.05,255.75,252.9,249.85,246.3,242.9,241.1,238.95,236.9,237.4,237.75,236.95,235.85,234,231.35,228.1,224.45,221.75,219.85,220.1,219.9,220.3,220.4,220.8,220.6,220.6,218.7,216.85,214.15,210.5,205.95,203.4,200.25,198.6,197.15,195.75,194.7,193.8,192.35,191.2,189.2,186.9,184.95,183.55,181.8,180.5,179.95,179.1,179.4,180.55,183.8,186.75,189.55,190.95,192.5,194.4,196,197.3,198.55,199,199.4,199.85,199.5,197.65,196.55,194.8,193.3,191.55,189.45,186.75,183.8,180.95,179.9,179.95,179.7,178.55,177.05,174.7,172.25,169.95,168.35,166.85,165.65,165.5,165.5,165.35,165.15,165.05,165.3,165.35,165.35,165.1,163.85,154.5,145.1,136.45,128.4,120.35,112.2,104.45,96.45,88.65,normal
53,164.1,182.45,201.9,221.65,242,262.4,281.7,301.3,319.1,338,355.3,364.45,365.75,366.5,366.75,367,368.4,370.1,371.95,374.75,378.5,383,386.8,390.2,393.8,397.75,402.7,408.1,415.75,420.25,425.7,430.85,435.45,439.2,442,444.4,445.85,445.7,445.85,445.55,442,438,433.15,428.65,422.8,416.45,410.45,404.65,398.3,393.8,388.45,383.55,379.05,374.6,371.5,368.85,365.4,362.9,362.2,361.3,361,359.5,359.05,358.45,358.65,359.25,359.95,360.8,362.2,363.5,366.4,368.8,372.6,376.35,380.3,383.55,388.2,392.25,395.35,398.9,402.1,405.95,409.5,412.9,417.65,421.7,425.95,429.6,432.15,435.4,438.2,441.4,443.85,446.95,452.2,457.65,463.05,468.3,471.35,476.3,481.05,489.15,495,500.65,506.85,515.25,522.75,530.4,539.9,548.85,558.15,567.8,576.85,586.1,594.95,604.55,616,627,642.4,655.15,668.35,679.85,693.8,708.2,720.75,733.25,746.65,758.85,771.55,785.6,799.55,815.15,832.75,851.05,866.1,881.25,891.1,899.4,901.15,901.55,902.2,902.7,902.35,901.55,897.55,891.15,883.6,876,863.15,847.7,830.95,812.55,792.05,769,746.5,722.85,702.7,683.1,663.85,645.85,628.3,608.6,589.5,570.25,553.25,535.75,518.3,502.4,490.2,476.2,463.4,450.6,437.95,426.8,416.85,407.3,397.7,388.75,380.75,371.95,363.05,355.45,347.75,341.15,334.4,329.75,325.25,319,311.6,306.7,301.45,295.7,291.2,286.75,282.05,278.45,274.7,269.45,266.4,263.9,261,259.15,255.85,253.3,251.6,248.5,246.1,244.55,243.95,242.75,242.15,241.45,239.5,237,233.75,230.25,227.1,225.45,224.3,223.55,222.75,220.6,219.7,217.05,214.55,212.5,210.5,208.05,204,202,198.8,196.35,193.65,191.4,190.45,189.25,187.2,185.8,184.4,183,182.55,182.1,181.6,181.45,181.25,181.15,180.2,179.9,181.25,181.95,183.5,184.5,186.35,187.65,188.25,188.15,188.5,188,186.45,184.8,183.1,182.7,182.55,182.15,180.95,180,179.5,179.1,178.65,178,179,180.35,180.7,180.65,180.5,180.4,179.45,178.7,178.4,178.45,178.25,176.9,175.55,174.4,173.75,173.55,173.85,172.85,171.8,170.9,169,158.65,148.7,139.7,130.55,121.5,113.15,105.2,97.5,89.65,normal
54,167.4,185.85,205.55,225.3,244.8,264.4,283.9,304.15,322.1,340.35,357.85,366.2,366.5,367.35,367.3,367.35,366.5,368.25,370.4,372.65,374.55,378.95,382.5,386.1,390.7,395.45,399.4,402.3,407.65,412.6,418.2,423,427.55,430.5,433.7,435.8,438.6,438.65,439.15,438.65,436.95,433.05,427.9,423.15,417,410.3,404.5,400.2,396.05,391.7,386,381.25,377.4,373.15,369.1,365.8,362.75,359.95,359,356.25,355.75,354.85,356.45,356.5,357.05,358,358.65,359.6,360.45,361.95,364.55,367.7,370.9,375.55,380.45,384.75,388.6,392.45,395.35,401,403.9,406.85,408.75,412,416.2,420.6,425.15,428.45,432.55,435.9,439.15,444,446.7,449.55,452.9,458.4,463.85,469.65,472.85,477.15,482.1,488.1,493.55,498.9,505.65,512.15,520.05,527.95,536.25,545.25,554.5,562.35,571.95,580.75,591,599.8,610.9,621.75,636.7,650.3,663.95,677.85,692.05,707.6,721.2,735.7,749.55,762.85,777.15,791.75,806.15,821.7,838.3,854.05,865.1,875.8,883.05,889.1,890.8,890.8,890.85,890.55,890.1,887.35,882.2,875.3,868.05,860.5,846,828.75,811.55,793.95,774.55,755.35,737.75,720.15,700.55,682.95,663.45,644.5,626,606.8,588.05,569.4,552.65,535.75,518.25,500.75,488,475.1,462.45,448.95,436.3,424.55,413.75,402.95,395.25,386.05,378.4,370.5,362.8,354.9,347.7,340.55,333.95,328.1,322.75,315.9,310.7,307.35,304.85,300.2,295.65,291.05,285.85,281,276.35,270.25,266.5,263.35,260.15,257.6,253.5,251.2,248.35,245.55,242.4,241.35,238.55,235.45,231.9,230.1,228.35,226.45,223.95,222.3,220.45,220.15,220.1,219.95,219.9,218.85,219.3,218.45,217.8,217.5,217.15,216.3,214.8,213.2,210.6,207.8,204.85,202.2,200.55,198.65,196.9,195.75,193.9,192.95,191.6,191,189.35,188.4,187.9,187.65,187.6,188.1,188.85,190.8,192,194.65,197.85,200.6,202.05,202.8,203.05,202.85,201.85,200.05,198.6,197.05,195.65,193.65,191.25,188.1,185.25,182.2,179.45,176.6,176.95,175.55,172.7,169.75,168,166.25,164.55,163.15,162.95,162.65,162.2,162.8,162.7,163.6,164.85,165.4,166.45,167.1,167.3,167.35,166.6,157.6,149.4,141.45,133.5,125.5,117.85,109.95,101.9,94.25,normal
55,163.95,182.45,202.1,222.25,241.9,261.7,281.7,301.65,320.6,338.8,355.9,364.95,365.4,365.65,365.75,365.35,366.8,368.7,371.45,374.5,377.1,380.95,384.2,388.2,393.2,397.95,401.9,406.5,412.15,416.95,421.8,426.55,430.85,434.25,437.1,439.85,441.75,441.6,441.45,441.05,438.7,435,429.85,423.85,417.3,410.85,403.95,397.95,392.9,387.3,382.7,377.7,374.2,370.15,366.3,363.9,360.55,359.6,358.75,358.05,357.3,356.3,356.7,356.6,357,357.3,358.8,359.85,360.45,363.6,366.5,370.15,373.55,377.75,382.3,385.35,389.8,392.35,395,397.7,401.25,406.35,409.45,413.25,417.6,422,426.3,429.95,434.15,437.2,440.25,443.45,446.6,449.35,454.3,459.95,465.3,471.05,474.5,480.25,485.15,489.3,495.25,500.65,507.05,513.85,521.25,528.3,536.2,545.3,554.4,563.6,572.45,584.7,594.2,603.4,614.25,624.95,639.95,653.15,666.6,680.9,695.15,708.3,720.2,733.6,747.25,761.15,775.25,788.85,802.85,817.95,834.95,847.75,859.1,869.5,876.65,882.35,883.6,884.5,885.35,885,884.6,884.45,881.1,875.5,866.5,857.75,843.25,827.05,810.4,792.65,772.6,752.25,732.4,712.75,692.75,675.65,656.85,638.05,619.8,600.7,582.1,563.6,546.7,529.7,514.95,499.7,487.25,474.3,461.35,448.5,435.8,423.7,413.75,405.7,398.75,389.45,383.25,374.55,367.55,359.7,351.4,344.1,337.45,331.75,326.1,318.55,311.25,306.1,301.35,296,291.75,288.2,284.05,278.7,274.2,267.9,262,258.65,254.2,251,247.35,244.6,242.25,239.75,236.6,235.75,235.5,234.05,233.25,231.9,229.85,227.3,223.65,220.7,218.2,218.25,218.4,218.4,218.55,218.8,219.05,218.45,217.1,215.95,214.7,212.65,209.15,206.3,203,200.7,198.35,196.2,194.95,193.9,192.35,191.1,190.1,189.85,188.45,185.6,184.6,183.75,182.95,181.6,181.15,181.1,182.45,184.95,186.35,187.55,188.3,190.05,191.6,192.35,193.55,193.8,192.75,191.15,189.45,189.4,187.5,185.05,183.25,181.75,180.15,178.35,176.85,175,175.35,174.55,173.65,173.7,173.8,173.2,171.4,169.4,168.4,167.2,167,166.7,166.9,167,167.05,166.7,167.45,167.65,167.85,167.5,167.05,158.5,150.55,141,131.35,122.35,114.05,106.1,98,90.15,normal
56,164.1,182.4,202.05,222.35,242.2,262.65,282.4,302.1,320.45,338.6,355.6,364.5,364.2,364.5,364.6,365.05,366.15,368.4,370.4,373.15,377.55,381.9,385.4,388.8,393.05,397.3,402.2,407.5,413.65,419.15,425.05,430.05,435.55,439.65,442.4,444.75,447.15,447.15,447.9,446.25,441.85,438.45,434,429.35,423.6,416.55,409.6,403.35,398.95,395.2,390.15,385.2,380.95,377.3,374.7,371.1,367.45,364.55,362.8,363.3,363.1,361.55,360.35,359.2,358.9,359.65,360.95,361.95,362.15,363,365.45,368.4,371.55,374.9,378.25,383,387.5,391.8,394.7,397.35,400.6,403.75,407.95,411.9,416.65,420.95,425.05,428.55,432.3,433.8,436.8,439.9,444.15,447.4,452.1,456.9,461.95,467.45,471.25,477,481.85,488.05,493.25,500.8,507.5,514.55,521.4,527.75,536.1,546.6,555.55,564.95,572.45,581.3,590.9,600.45,612,622.8,637.25,649.75,662.8,677,691.45,702.75,714.25,727.9,741.9,756.55,770.4,784.2,798.65,814.3,831.3,846.25,857.45,869.4,878.8,887.1,890.2,892.45,893.35,892.6,892.25,892.05,888.9,881.85,873.95,865.9,851.6,836.35,819.7,800.8,781.65,762.75,744,723.8,704.45,685.35,665.45,645.5,626.6,606.95,588,569.4,552.55,536.25,519.95,504,491.25,476.95,463.75,451.5,438.45,426.85,416.1,406.25,395.65,385.6,377.6,369.3,361.6,354,345.9,337.85,331.05,325.2,320.4,312.9,305.8,300.3,294.9,290.3,285.8,281.3,276.85,271.75,267.3,261.35,256.95,253.85,251.3,248.85,246.05,244.35,241.75,239.4,235.75,234.5,234,233.2,232.25,229.2,226.45,223.5,220.45,218.7,216.95,216.75,216.85,216.6,216.45,215.7,215.2,214.25,213.15,212.3,211.05,209.1,206.05,203.45,201.3,200.1,198.3,197,196.75,195.35,194.35,192.95,190.3,188.85,186.8,186.9,186.75,186.55,186.85,186.85,187.8,189.1,191.55,194.1,196.2,197.25,198.8,199.55,199.75,199.7,200.05,201.1,202.35,202.05,201.55,199.6,197.2,194.35,192.1,189.35,186.95,185.65,183.75,181.9,181.3,180.4,178.85,177.7,176.4,174.85,172.7,169.85,168.35,167.4,166.55,166.3,166.2,165.9,165.45,166,165.35,164.15,163.3,162.95,161.35,152.9,145.05,137.35,129.5,121.8,113.8,106.1,98.05,89.85,normal
57,163.75,182.75,202.35,222,242,262.05,281.3,301.9,320.15,338.3,355.1,363.05,364.1,363.95,364,364,364.35,366.8,368.75,371.5,376.1,379.75,382.95,387.2,392.25,397.1,402.2,406.15,411.15,416.85,423.5,428.2,432.55,436.8,439.7,442.6,445.1,444.8,445.15,444.6,440.75,436.9,432.3,427.1,420.6,413.45,406.4,400.95,397.35,392.65,386.25,381.85,378.25,374.5,371.8,368,364.25,361.85,360.75,359.7,359.5,357.7,358.2,357.6,357.45,358.15,359,359.6,360.45,361.7,364.85,367.35,370.15,373.8,377.65,382.25,387.05,390.7,393.4,397.1,399.85,403.5,406.65,410.7,415.2,419.7,424.45,428.2,431.75,434.5,437.6,441.1,444.35,448.95,453,458.45,463.7,468.65,472.5,477.65,483,489,494.2,499,505.45,512.3,519.75,527,535.55,545,554.15,563.45,572.5,579.85,589.7,598.55,609.7,621.55,636.5,649.5,662.8,677.2,690.95,704.6,718.55,732.3,747.9,763.4,778.35,792.4,806.2,821.8,838.4,853.35,864.7,875.6,883.15,889.15,890.85,892.05,892.55,891.95,891.8,891.2,885.1,878.55,869.75,859.55,844,827.1,809.65,790.75,770.95,751.85,733.15,714.6,697.25,680.3,663.85,645.1,627.35,608.4,590.45,573,557.1,540,522.9,506.55,494,481.25,469.35,457.25,445.1,433.7,423.7,413.6,404,393.15,381.65,372.65,363.9,356.15,347.7,339.45,332.3,326.8,321.55,314.75,307.2,301.55,298.5,293.8,289.7,284.5,279.3,274.55,269.05,263.9,260.3,257.05,253.9,251.2,246.75,243.35,240.95,238.1,234.65,233,233.35,232.95,229.7,227.8,224.55,221.95,219.05,216.4,214.75,213.9,213.95,214.2,214.5,214.35,214.7,213.95,213.75,213.15,212.05,211.75,209.8,208.75,207.35,204.7,203.15,201.85,200.6,199.3,197.45,196.35,195.15,193.4,191.8,190.05,189.6,189.05,187.3,186.3,185.85,185.45,185.95,187.05,187.9,189.3,190.8,191.8,193.85,195.75,196.6,196.75,196.1,194.85,193.2,192.2,190.5,188.85,187.05,185.35,183.7,181.4,178.6,175.6,175.1,174.2,172.45,171.85,169.7,167.15,166.45,165.3,164,163.75,163.75,163.55,163.45,163.65,163.7,164.9,167.1,169.35,171.05,172.3,171.75,163.35,155.45,147.15,139.05,131,121.7,113.55,106,98.15,normal
58,164.7,183.1,202.95,222.6,242.6,262.45,281.5,301.4,319.05,335.8,352.45,360.45,361.2,361.5,361.15,361.15,361.7,363.85,366.1,368.3,370.3,374.55,378.1,381.55,385.6,390.35,395.7,400.35,407.05,413.7,419.9,424.25,428.25,432.15,435,437.5,440.3,440.45,441.2,441.35,439.15,435.25,429.7,424.9,418.5,411.15,403.8,397.85,392.5,387.75,382.4,377.95,376.25,372.65,371.6,368.85,366,363.5,362.4,361.2,360.75,359.75,360.35,360.05,360.6,361.85,363.5,364.8,366,368.05,370.6,373.45,374.85,378.35,380.3,383.95,387.7,391.85,394.6,397.9,401.15,404.25,407.7,412.25,416.65,420.65,424.8,428.25,431.9,434.85,438.3,441.8,445.05,448,452.55,457.85,463.7,468.65,472.35,478,483.1,489.9,494.8,499.75,506.2,513.6,521.3,528.8,537.35,546.25,555.1,564.2,573.35,582.95,592.6,600.45,611.8,622.7,635.6,648.7,662.2,675.85,690.5,704.65,717,730.4,744.2,757.3,771.15,785.4,799.55,814.85,832.1,847.5,859.7,871.75,878.35,884.15,887.25,888.4,888.75,888.25,887.85,886.7,882.55,876.1,868.05,860.7,849,833.65,817.3,799,779.3,759,739.85,721.2,703.75,687.05,670.95,651.9,633.55,614.05,594.35,575.05,558.35,541.6,524.6,507.55,492.8,478.2,464.95,452.55,439.2,428.1,417,406.95,397.5,388.1,377.25,368.3,362.75,356,347.5,340.35,333.6,327.45,322,315.2,307.9,302.7,297.7,291.9,287.35,282.75,278.45,274,269.05,262.85,258.8,255.75,249.65,246,243.8,241.2,239.05,236.35,233.85,232.75,231.75,230.85,229.6,228.85,227.1,225.25,224.2,221.8,220.1,220,220.15,220.4,221.05,220.95,221.4,221.5,220.95,220.2,219.6,218.7,216.8,214.25,211.5,208.8,206.15,203.35,199.65,198,196.3,194.8,193.45,191.65,189.75,188.4,187.3,184.6,183.2,182.6,180.95,179.85,180.15,182.6,184.45,186.8,189.1,192.25,194.85,196.1,195.9,194.9,193.85,192.55,191.25,189.9,187.75,186.8,185,183,182,180.4,178.65,176.2,176.15,175.25,174.15,172.3,170.75,170.15,170.8,171.2,172.15,172.25,172.4,172.3,172.3,172.15,172.05,172.15,172.25,172.05,172.35,172,170.8,161.5,152.45,143.25,134.25,124.75,114.9,105.95,96.5,88.35,normal
59,162.85,181.5,201.2,220.55,240.45,260.15,279.45,299.25,317,334.2,351.45,360.45,361.9,361.55,361.75,362,363.3,366,367.6,370.8,375.25,379.5,382.8,386.75,390.3,394.95,400,404.55,411.35,417.3,422.5,427.35,430.65,434.55,437.5,439.95,442.05,442.15,443.25,442.85,439.45,435.55,432.7,428.45,423.75,417.7,411.8,406.4,401.75,398.05,393.55,388.5,384.25,380.05,376.8,373.5,370.1,367.4,366.05,364.95,364.2,362.95,360.55,359.5,358.8,358.7,358.35,359.15,359.6,360.55,361.95,365.25,368.9,374.1,377.6,381.5,386.55,390.6,393.65,397.7,400.8,404.45,408.65,412.7,417.6,422.2,426.75,430.2,433.55,436.75,440.85,445.55,448.8,450.9,456.2,461.75,466.9,472.4,475.55,479.7,484.4,489.85,494.7,500,506.4,511.9,519.95,527.35,533.7,542.75,551.8,559.95,568.75,577.9,586.65,595.9,607.1,618.15,632.85,645.95,659.25,673.5,687.55,700.75,712.5,727.15,740.1,753.2,769.25,783.2,797.4,812.65,830.65,847.25,860,870.5,877.95,884.8,889.45,891.45,894.75,895.75,896.65,896.8,893.65,885.55,877.8,870.3,856.2,840.6,823.65,804.7,783.85,763.55,744.35,726.6,708.95,690.8,669.35,650,628.95,607.9,589.15,570.4,553.45,538.25,521.75,504.95,493,480.15,469.4,457.35,444.8,434.2,423.85,413.1,403,393.65,384.9,375.85,367.75,360.55,351.65,344.6,337.75,332.7,327.8,320.9,312.55,305.7,299.2,294,289.55,283.6,279.1,275.5,272.1,266.65,263.15,260.3,257.2,253.75,250.25,246.7,243.45,240.7,238.15,237.9,238.65,238.05,236.6,235.25,233.6,231.8,228.4,225.45,222.5,221.1,221.05,220.9,221.1,222.05,222.1,221.8,222.1,221.25,219.3,217.05,213.55,211.1,208,205.4,202.45,200.8,198.95,197.15,195.6,194,192.2,190.65,189,186.55,185.4,183.85,181.45,180.45,181.25,182.3,184.25,187.15,190.1,192.6,194.2,194.7,195.45,196,195.65,195.7,194.5,192.9,191.6,190.65,189,187.8,187.3,186.45,185.7,184.2,183.05,181.2,181.05,181.3,181.5,180.95,180.3,178.65,177.3,176.45,176.6,176.65,176.35,176.2,176.5,176.15,176.15,175.15,173.5,172,170.25,169.1,167.15,156.5,146.85,137.85,129.65,121.6,113.7,105.6,97.5,89.65,normal
60,164.6,183.35,202.25,222.6,242.05,261.7,281.45,301.85,319.8,337.95,354.9,363.5,363.95,363.6,363.25,363.25,363.85,365.85,367.8,369.75,374.15,377.95,382.05,385.3,390.1,394.7,398.6,402.75,409.35,414.35,420.15,425.1,429.95,433.55,436.6,439.3,441.75,441.7,442.55,442.7,439.2,435.95,431.1,425.95,419.8,413.15,407.25,401.6,397.1,394,389.35,384.25,379.4,375.85,373,369.75,366.9,364.2,362.95,362,361.25,359.7,359.25,360.8,361.75,363.1,364.1,364,363.95,364.35,366.35,370,373.65,377.5,381.4,386,389.65,393.8,396.7,400.2,403.15,406.75,410.9,412.65,416.7,420.55,425.05,429.65,433.45,436.6,439.6,442.1,445.5,448.35,452.45,455.6,460.8,466.1,469.5,475.2,480.8,486.05,490.95,496.55,502.7,509.3,516.55,523.95,532.45,541.7,551.05,560.85,569.7,578.6,588.05,598.8,610.15,620.65,635.1,647.6,660.3,674.7,689.65,703.85,715.6,729.65,742.85,755.8,770.15,784.9,801.25,818.65,837.45,854.55,866.9,877.55,885.7,893.4,895.8,897.1,898.4,897.75,896.95,896.05,892.95,886.6,879.5,872.35,858.15,841.95,823,802.85,781.5,760.7,741.65,723.8,705.75,687.15,667.1,646.9,630.35,612.3,594.1,576.1,559.5,542.4,525.1,508.25,495.15,480.7,467.8,455,442.25,430.6,419.9,409.15,399.45,390,382.2,373.95,363.7,355.3,346.2,337.65,330.65,325.5,320.7,313.55,306.2,300.85,296.05,290.3,284.4,279.5,274.35,267.85,261.8,255.85,252.25,250,247.1,244.2,241.35,239.3,236.6,233.55,231.45,231.4,232,231.45,230.45,229.85,229.35,227.9,226.7,225.75,224.7,224.5,224.5,224.2,224.25,224.3,224.5,223.7,222.5,221.9,220.65,219.1,217,215.05,213,210.65,208.05,205.65,202.9,202,200.55,199,197.65,197,196.4,196.1,196.05,195.6,195.9,195.5,195.25,194.95,195.15,197.2,198.4,201,203.25,205.85,208.2,210.1,212,212,211.15,209.1,206.55,203.7,201.15,198.75,196.25,193.5,190.65,188.1,185.55,182.6,181.65,179.15,176.85,175.4,173.2,170.3,167.1,165.45,164.65,165.8,166.45,166.65,166.25,165.65,165.3,165.8,165.7,165.85,166.9,167.45,167.2,158.85,150.85,141.4,133.1,125,117.1,109.35,101.45,92.15,normal
61,162.05,180.15,199.55,219.7,239.85,259.4,277.8,297.1,314.55,332.3,349.3,358.45,359.65,359.85,360.3,360.85,361.8,364.1,367.05,371.05,375.1,379.65,384,387.15,391.4,396.8,402.9,408,414.9,420.3,425.85,430.45,434.2,437.55,440.6,443,444.8,444.6,444.75,444,440.7,437.5,431.9,427.25,421.45,414.6,407.85,402.55,398.45,394.5,389.6,384.5,380.95,378.45,375.05,371.4,368.35,365.65,364.85,364.2,363.65,362.1,361.25,360.45,360.1,360.6,361.55,362.5,362.45,363.65,365.8,369.4,372.3,375.1,378.85,383.25,387.5,391.85,394.45,397.5,400.35,403.15,407.5,411.3,416.3,419.7,423.1,426.4,429.85,432.9,436.1,439.05,442.45,445.15,449.55,454.6,460,465.5,469.35,474.55,479.55,485.7,491,496.65,502.6,510.05,517.8,524.8,533.55,542.65,551.6,559.95,568.85,578,587.65,596.75,607.9,618.3,631.95,645.1,658.3,672.35,686.7,700.45,712.35,726.15,740.25,754.05,767.8,781.45,795.9,812.95,830.65,846.55,858.95,869.95,877.1,883.1,885.3,885.4,885.85,885.85,885.2,884.75,881.9,875.95,868.85,861.2,846.85,831.5,817.7,799.35,779.45,759.35,739.85,720.85,703.85,686.9,667.8,648.95,631.8,612.85,594.4,575.7,558.75,541.4,524.65,508.85,496.35,482.7,466.8,453.7,440.55,429.2,418.7,409.35,398.45,388.85,381.1,373.1,363.9,355.9,347,339.4,331.55,325.65,319.75,312.6,305.7,300.4,295.15,289.45,283.85,279.2,275.75,271.9,269.1,264.6,260.55,257.6,254.45,251.7,249.25,247.3,246.3,244.15,241.3,239.35,238.3,236.7,235.7,234.2,232.55,231.15,227.2,223.85,220.45,219,219.2,218.85,219.3,219.1,219.4,216.85,213.75,211.85,210.2,208.3,205.1,202.65,200.05,198.6,196.55,193.6,191.65,189.4,187.8,186,184.25,182.8,180.85,179.55,178.2,178.25,179.05,178.95,180.4,181.55,183.9,187,189,190.05,191.4,192.65,194.25,195.8,196.45,196.9,196.5,196.25,195.15,193.25,191.4,189.9,187.8,185.85,182.95,180.2,177.9,175.3,175.15,175,174.3,173.25,172,170.45,168.4,167.15,167.3,166.7,166.85,166.9,166.6,166.25,166.05,166.25,166.35,167.15,167.1,166.9,165.95,156.75,148.25,140,131.9,123.65,116.1,107.6,98.6,90.2,normal
62,164.35,183.25,202.85,222.7,242.55,262.55,282,302.6,320.25,338.1,355.2,364.4,365.8,366.4,366.4,366.6,367.4,368.85,370.8,373.1,376,379.35,382.45,385.85,390.3,394.75,399.55,403.25,410.05,415.65,421.55,426.9,431.35,434.65,437.05,439.65,442.4,442.45,443.3,443.6,440.15,436.7,432.2,427.4,421.3,414.4,409,404.4,399.35,394.75,389.2,383.9,379.85,376.1,373.25,369.8,366.55,363.95,363.05,362.45,363,362.1,361.65,361.2,361.3,362.65,362.45,362.85,363.8,365.4,367.95,370.7,373.45,377.65,381.05,384.85,388.7,392.6,395.25,398.25,400.6,403.95,407.5,411.55,416.25,420.2,424.45,427.4,431.05,433.95,437.35,440.8,444.6,447.7,452.5,458.2,463.65,469.6,473.1,478.45,483.5,489.45,495,500.3,506.45,513.05,520.55,527.05,535.3,544.45,553.2,561.6,570.15,578.55,587.75,596.95,608.5,619.05,633.45,646.4,659.55,673.1,687.5,701.05,712.85,726.9,740.5,755.35,769.85,784.6,799.2,815.35,832.75,848.9,860.9,871.95,879.65,886.2,888.2,888.5,891.8,893.25,891.2,889.8,886.45,880.7,873.55,865.4,850.05,833.2,816.85,798.35,778.4,759.1,740.95,722.95,705.2,687.35,668.5,649.35,627.85,606.5,589.9,572.8,556.4,538.95,521.7,505.6,493.5,480.25,466.55,453.25,442.45,430.75,419.1,408.4,397.6,388.05,380.2,372.55,364.7,357.25,348.85,340.55,333.7,327.4,322.25,315.1,308,303,298,293.05,287.05,282.1,278.2,273,268.55,262.55,257.9,254.1,251.35,248.8,245.15,242.3,239,237.1,233.85,233,233.25,231.9,230.8,229.05,225.3,221.9,218.4,216.45,215,215.1,215.75,216,216.05,216.05,215.9,215.4,214.25,212.45,211.5,209.1,205.65,202.85,200.25,198.45,196.95,195.7,194.4,191.55,188.55,186.25,183.85,181.2,178.35,175.55,174.7,173.6,173.45,172.95,172.25,172.1,173,174.3,176.05,177.2,178.15,178.65,179.2,179.75,180.35,179.65,178.85,178.85,178.35,178.4,176.85,175.3,173.7,172.05,170.8,169.2,168.75,168.45,168.4,168.8,168.5,168.35,167.6,167.3,166.45,166.1,166.15,165.95,166,165.7,165.35,165.3,164.9,165.1,164.9,165.2,163.85,163.85,163.7,154.4,146.05,138,130.2,122.25,114.45,106.55,98.45,90.55,normal
63,165.5,183.75,203.1,222.85,244.1,264.35,283.95,304.2,321.95,339.75,356.8,365.45,365.55,365.2,364.9,364.8,365.15,367.55,370,372.6,377.05,381.55,385.15,389,391.45,395.2,400.15,404.6,411.8,418.2,424.1,429.05,433.85,437.25,440.25,443.35,446.25,446,446.15,445.75,441.1,437.15,431.8,427,421.85,415.75,408.35,402.3,397.4,393.15,388.1,383.65,379.9,376.85,374.3,370.55,367.05,364.55,363.65,362.95,362.45,361.25,361.15,360.5,360.6,362.1,364.65,365.95,365.7,366.55,368.85,371.75,374.9,378.55,381.8,385.9,389.55,393.5,395.95,398.7,402.3,405.5,409.75,413.3,417.25,420.6,424.4,427.7,431.75,434.2,437.4,440.25,443.4,446.25,451.25,456.65,462.4,467.2,471.2,476.85,482.05,488.25,493.7,499.65,506.45,513.8,520.35,528.15,536.5,545.8,554.85,564.25,573.1,582.35,591.65,600.85,612.05,623.6,638.15,651.3,664.4,678,692.25,705.65,717.5,730.8,745.2,758.1,772,785.65,798.75,814,829.5,843.4,854.25,865.55,872.6,878.7,879.8,879.75,880.1,880.6,879.7,879.1,875.7,869.15,861.7,853.85,839.85,824.55,808.3,789.95,771.15,753,734.45,715,697.6,680.15,661.9,643.65,625.4,606.55,586.25,567.45,552.45,536.2,519.3,503,490.3,476.75,464.5,451.4,439.2,427.5,418.2,408.3,398.3,389.15,380.95,372.5,364.4,355.45,349.25,341.6,332.75,326.45,320.8,314.7,308,302.9,297.85,292.7,287.95,284.6,279.55,275.75,270.85,264.3,259.95,257.1,253.95,251.65,248.1,245.85,244,242.05,240.2,239.05,238.85,237.7,236.1,234.55,231.55,227.1,223.4,220.85,219.6,219.5,219.75,219.8,220.05,219.8,220.55,219.55,218.65,219,217.85,216.25,215.35,213.4,211.5,210.45,209.6,209.85,208.65,206.65,204.6,203.2,201.6,200.3,198.85,198.2,197.95,197.85,197.55,195.8,195.15,195.2,194.4,195.7,196.35,197.3,198.55,198.4,198.35,198.1,197.3,196.05,195.7,193.9,192.3,190.25,187,184.2,181.05,178,175.45,172.6,170.8,169.5,171.1,171.45,170.25,168.95,169,168.3,168,168,166.9,166.55,166.25,166.3,166.45,166.65,166.6,166.65,166.6,166.15,165.4,165.75,164.4,154.7,146.4,138.55,130.4,122.3,114.35,106.25,98.3,90.6,normal
64,164.75,184.05,204,223.35,242.75,262.2,281.2,301.35,319.05,337.55,354.6,363.65,364.7,365.75,364.25,363.95,365.1,367.2,369.2,371.55,375.1,378.65,381.8,386.3,392.45,397.8,403.5,407.9,414.6,419.05,424.55,429.9,434.95,438.1,440.95,443.4,445,444.95,446.25,445.85,441.95,437.85,432.8,427.35,419.7,412.5,405.7,400.3,395.55,391.95,386.7,381.75,377.05,373.6,370.75,368.6,366.15,363.65,360.05,358.6,357.25,356.3,356.2,356.15,356.8,358.05,359.05,359.55,359.8,360.15,363.15,366,369.45,373.25,376.8,380.3,384.45,387.95,393.35,397.35,401.15,404.4,408.15,411.8,415.6,419.5,423.9,427.25,431.4,435.4,438.5,442.1,445.45,448.4,453.35,458.05,463.2,469.35,472.3,477.45,482.75,488.85,494.45,500,507,513.6,520.65,528.45,536.75,545.75,553.45,562.15,571,580.05,588.7,598.35,609.75,620.3,634.9,647.7,661.8,675.5,689.7,703.7,715.85,729.8,743.35,756.9,771.2,785.9,801.2,817.2,834.8,850.45,862.15,873.1,880.5,886.05,886.9,887.15,886.6,886.55,886.3,885.15,881.15,874.1,866.4,857.85,843.65,826.55,808.9,788.5,768.05,748.25,729.7,711.4,694.1,677.75,659.2,641.3,622.6,602.8,584.55,566.6,549.95,534.1,518.1,501.9,486.65,473,460.85,450.15,437.75,425.4,414.45,403.65,393.05,383.05,375.9,367.45,359.95,351.65,342.6,335.55,328.75,322.4,315.1,307.55,302.4,297.7,292.65,286.7,281.6,278.3,274.8,270.6,266.7,260.95,256.65,253.45,250.5,248.6,245.45,241.9,239.05,236.25,234.9,234.2,233.6,231.55,229.6,227.9,225.1,221.6,217.7,213.1,210.5,209.75,209.15,209.25,209.5,208.75,207.95,206.1,205.25,204.15,202.95,201.45,198.35,196.35,194.65,193.25,192.2,190.7,189.3,189.7,188.55,187.1,186.1,184.9,183.1,182.45,181.75,181.3,180.55,180.2,179.9,178.3,179.95,182.1,182.85,182.9,183.5,183.8,184.35,183.25,182.4,181.45,180.6,179.25,177.7,176.2,174.65,173,171.4,169.4,167.6,167.5,165.65,163.6,164.6,164.9,163.9,163.95,163.55,163.55,163,162.9,162.2,162.4,163.2,163.4,163.5,163.85,163.95,164.35,164.3,164.1,164.2,164.3,163.95,155.5,147.65,139.45,131.4,123.6,115.55,107.55,99.75,91.05,normal
65,165.9,185.8,205.3,225,244.8,264.95,284.85,305.1,322.75,340.8,357.7,365.55,367.25,367.1,368.7,368.85,370.1,372.05,374.2,377.3,380.95,384.15,387.5,391.15,395.2,399.65,403.8,407.9,414.55,419.85,425.55,431.15,435.5,439.45,440.2,442.35,443.95,444.15,444.65,443.5,438.85,435,430.65,425.65,419.65,413.35,407.4,401.8,395.35,390.3,384.9,379.75,375.55,371.95,369.1,366.25,363.3,360.65,358.85,357.55,357.05,355.2,354.75,355.05,355.85,356.05,356.1,357.55,360.45,362.85,365.7,368.6,371.9,376,379.95,384.15,388.1,391.1,394.25,398.55,401.9,405.7,409.15,411.9,416.3,420.8,425.85,429.35,432.6,435.4,439.3,442.7,445.85,448.7,453.3,458.1,463.55,469.95,473.55,478.25,483.3,489.15,494.75,500.8,507.1,514.1,521.2,528.5,536.85,545.5,552.75,561.65,572.7,581.85,591.7,601.5,612.9,623.7,638.3,651.5,664.55,678.65,692.85,707,719.25,732.35,745.9,758.8,772.7,787.4,802.8,818.65,833.35,848.4,859.65,870.7,878.5,884.7,886.65,887.65,890.2,889.45,887.95,886.35,882.4,875.65,867.8,859.6,845.4,829.05,813.5,794.75,775.45,755.75,736.55,717.2,698.95,681.55,663.05,644.05,623.6,604.55,587.25,569,552.25,535.35,518.6,502.3,489.5,476.05,461.75,449.35,436.6,425.2,413.3,400.7,390.3,380.8,372.3,364,356.4,348.8,340.45,333.05,326.05,321.05,316.2,309,301.95,297.75,292.55,286.75,281.9,278.15,275.7,274.5,271.45,266.95,263,259.45,256.55,253.55,250.2,247.65,245.65,243.3,240.15,239.7,239.15,236,234.25,231.85,228.4,224.5,220.8,217.75,214.6,212.7,212.45,212.5,212.35,212.7,212.75,211.85,210.8,209.35,208.95,207.1,203.8,202.15,200.15,199.3,198.4,197.2,195.65,194.15,193.1,191.5,189.7,188.2,186.95,186.05,184.6,183.3,182.15,181.35,180.15,180.15,181.55,183.1,184.3,185.75,187.25,188.45,189.75,190.25,189.4,189.15,189.4,189.55,189.45,187.75,186.3,184.65,182.9,181.15,179.9,178.6,177.05,177.15,177.25,176.05,174.7,173.6,172.6,171.05,170.15,169,167.55,166.15,164.3,163.8,163.55,163.4,163.4,163.15,163.2,162.65,162.35,161.3,161.35,153.1,145,136.95,128.9,120.85,112.95,105.2,97.45,89.4,normal
66,163,181.45,200.75,220.25,240.95,260.7,280.5,301.1,318.7,336.5,354.05,363.05,363.65,363.9,363.8,364,365.1,367.3,369.6,372.8,377.25,381.3,385.15,389.1,392.1,395.8,399,402.75,409.85,415,420,425.3,430.1,433.9,437.3,440.4,442.6,442.5,442.85,442.1,438.05,434.2,429.15,424.35,418.75,413.45,407.65,401.8,396.45,392.4,387.3,381.8,377.35,373.65,370.2,365.75,362.8,360.15,359.3,358.65,358.55,357.85,357.65,357.45,357.4,357.65,358.8,358.55,358.65,360.5,363,366.4,369.4,373,376.9,381.95,386.4,390.25,392.95,395.5,398.1,401.65,405.65,409.1,413.85,418.35,423.25,428.4,433.05,435.65,439.25,442.15,445.65,448.6,453.55,458.5,463.75,469.35,473.05,479.4,484.75,490.4,496.95,503.35,509.85,516.8,523.9,531.55,539.9,549.25,557.85,567.65,576.45,585.15,594.1,603.2,614.15,625.05,640.05,652.55,665.75,679.45,692.45,705.55,719.7,733.95,747.95,760.85,774.4,788.2,802.5,817.4,832,846.75,860.75,874.15,882.4,888.85,890.25,890.55,890.5,890.1,889.25,888.15,882.45,875.5,867.45,859.2,845.7,830.8,814.1,795.55,777.7,758.85,737.85,717.3,699.5,682.6,663.5,644.75,626.55,607.05,589.15,571.2,553.45,536.1,517.6,501.45,488.85,474.7,461.5,449.25,437.3,425.8,415.15,404.8,394.4,384.25,376.45,368.55,360.85,353.1,344.45,336.25,330.55,324.45,321.45,315,307.75,301.9,296.75,291.15,286.4,282.3,277.6,272.7,266.95,260.95,256.5,255.25,252.9,250.55,247.45,245.2,243.05,241.7,239.6,238.75,238.35,237.9,237.5,235.75,232.8,229.3,225.55,221.8,219.7,218.45,218.4,216.3,215.55,215.95,215.7,215.25,214.1,212.6,211.05,209.7,207.05,204.5,201.75,200,198.65,197.5,198.05,198.55,198.5,197.8,196.5,194.75,193.1,190.65,189.8,188.15,187.75,187.95,187.8,187.7,188.8,191.3,193.85,196.15,197.45,199.75,200.4,200.8,200.4,200,199.1,199.3,199.5,199.25,197.3,195.6,192.7,189.6,186.7,184.15,181.55,178.4,177.1,176.45,175.8,173.7,171.95,169.8,168.5,167.5,166.8,165.5,163.95,163.45,163.5,163.4,164.1,164.1,164.35,164.15,164.3,164.7,163.75,154.25,145.5,137.35,129.25,121.35,113.45,105.55,97.75,89.7,normal
67,164.5,183.65,203.6,223.3,243.25,262.55,280.95,300.4,318.4,336.45,353.7,362.4,362.7,362.2,361.75,361.65,362.75,366.15,368.7,371.8,373.45,376.75,379.9,383.3,387.3,394.1,400.5,405.45,411.85,417.1,422.5,427.35,431.5,434.85,437.9,440.3,442.5,442.75,443.15,442.15,439.55,435.65,430.3,425.4,419.5,411.65,404.65,399.35,394.7,390.45,385.15,380.6,376.75,373.7,370.7,367.5,363.95,360.95,357.6,357.4,357.9,357.3,357.25,356.95,357.4,357.85,358.25,359.05,359.5,360.9,363.6,366.75,369.75,373.3,377,381.5,386.45,390.05,395.05,398.25,400.65,403.85,408.05,412.1,416.55,420.6,425.1,428.45,432.45,435.65,438.85,442.1,445.45,448.3,452.45,457.6,462.8,468.6,471.9,476.95,482,487.7,492.95,498.5,505.25,512.1,519.9,528,534.55,543.45,552.25,561.35,570.2,579.3,589.05,598.25,609.45,620.4,635.3,646.1,658.95,674.15,687.6,701.5,716.65,731.15,744.7,757.35,772.6,786.35,800.9,816.4,833.15,847.85,859.55,870.4,877.7,883.75,885.55,888.6,889.65,888.65,888.8,888.4,882.1,875.3,868,860.3,846.1,830.2,813.55,794.65,775.3,756.05,734.25,714.95,696.65,678.8,659.2,639.65,620.95,601.05,582.65,564.25,547.45,530.3,513.7,497.6,485.25,472.1,458.95,446.7,433.9,421.7,414.2,404.7,396.35,388.15,380.75,372.9,365.3,358.05,349.7,341.85,334.7,328.55,322,315.2,308.2,302.25,297,291.2,286.35,282.75,278,273.35,268.2,262.4,258.5,255.45,252.35,249.05,246,242.45,239.5,237.05,234.7,233,231.8,230.55,229.1,227.25,224.15,221,217.8,215.2,213.1,211.85,212.25,211.85,212.05,212.25,210.85,209.15,207.85,207.3,206.2,204.35,201.15,198.95,196.7,195.25,194.45,193,191.5,189.9,188.05,186.8,185.1,184.85,184.5,184.15,185,186.45,187.05,186.45,187.05,188.1,191,193.45,196.15,197.5,198.15,198.8,199.5,199.25,198.8,197.6,195.55,193.5,190.7,188.2,185.8,183,180.1,177.55,174.95,172,170.75,169.75,169.85,169.95,169.5,169.05,168.7,168.25,167.6,167.25,167.35,166.95,166.8,167.15,168.35,169.25,170.35,172.65,173.7,175.05,173.55,173.2,172,162.65,154.15,146.25,138.15,130.4,122.4,114.55,106.65,98.8,normal
68,165.75,184,203.6,223.55,243.85,263.55,283.4,303.6,322.3,340.55,357.9,366.65,366.85,366.4,366.15,368.85,372.15,373.9,376.45,379.7,383.4,387.9,391.4,394.75,398.6,403.05,407.5,412.1,418.6,423.85,429.4,434.25,437.6,441.45,444.5,445,445.4,445.4,445.4,444.45,441.45,438.2,433.3,428.05,421.55,415.2,408.25,400.85,393,387.6,383.95,379.9,376.65,372.85,369.45,366.25,363.15,360.5,358.75,358.35,357.65,355.6,355.3,355.85,356.6,357.4,359.05,361.95,364.55,367.05,368,370.5,373.75,377.5,381.4,385.95,390.3,393.7,397.35,399.35,403.5,407.6,411.15,414.2,418.95,423.2,426.75,429.4,433.45,436.75,440.25,443.35,446.6,449.6,454.25,458.85,464.1,470.15,472.95,479,482.6,488,493.4,499.1,505.25,511.75,519.95,527.7,535.75,544.7,553.45,563.8,573,581.8,591.4,600.5,611.55,622.5,637.3,649.9,663.15,676.8,691.7,705.7,717.6,731.4,744.7,758.25,772.6,786.45,800.75,815.4,833.05,849.8,863.35,875,881.7,887.05,888.95,890.35,891.95,892.1,891.45,890.5,885,877.8,868.15,858.85,844.45,828.2,810.85,792.15,771.95,751.85,731.55,712.4,696.1,679.8,661,641.45,621.95,602.55,583.9,565.8,551.15,535.35,521.65,506.8,493.85,480.65,468.05,455.6,442.5,430.3,419.2,409.15,396.9,386.5,378.8,371,363.2,355.5,347.15,339.05,332.4,326.45,320.05,312.75,305.75,300.35,295.6,290.65,286.65,283.6,280.1,276,274.15,269.55,265.1,261.95,258.9,256.05,253.05,250.05,247,244.1,241.7,239.75,238.6,237.2,235.85,233.95,231.4,228.05,225.1,222.45,219.6,218.6,218.5,218.35,218.5,218.7,217.85,216.25,215.25,215,213.5,213.35,212.2,209.9,207.15,205.1,202.5,200,197.05,195.45,193.95,192.6,191.5,189.6,187.35,185.45,183.85,183.1,182,181.1,181.2,181.4,182.45,185.2,187.85,190.05,191.6,192.7,193.35,192.6,191.45,189.9,188.2,187.1,186.1,185.2,184.7,183.5,182.5,180.15,178.05,175.2,173,170.7,169.8,170.2,170.75,170.85,171.5,172.05,172.1,171.85,171.75,171.5,171.25,171.05,170.9,171.25,171.05,171.1,171.05,171.1,170.5,170.7,170.3,159.65,149.65,140.4,131.35,122.3,113.85,106,98,90.25,normal
69,166.05,184.45,203.9,223.55,243,263.8,283.65,303.75,323.45,342.05,359.05,368.3,369.45,369.2,369.05,368.95,369.95,371.6,373.25,376.05,379.65,383.95,387.5,392.4,397.35,400.95,404.65,408.7,413.05,417.75,424,429.55,434.2,437.65,440.7,443.2,445.75,445.65,446.05,445.6,442.3,439.15,434.75,428.6,422.4,416.1,409.9,404.35,399.65,395.55,389.75,383.9,379.7,376.3,372.9,369.75,366.5,364.3,364.25,363.9,363.5,361.9,360.9,360.75,360.55,361.2,362.75,363.45,363.9,364.25,366.75,369.95,372.65,376.5,380.35,384.4,388.6,392.25,394.75,397.25,399.3,402.25,406.35,410.05,414.7,419.15,423.05,426.9,430.8,434.85,438.25,441.4,445,447.9,452.35,457.45,462.5,467.8,470.85,476.2,481.5,489.65,495.65,501.5,508.2,515.4,522.95,530.2,538.6,547.8,556.55,565.7,574.5,583.65,592.95,602.5,614.05,625.2,640.25,652.95,666.2,678.3,690.9,703.75,715.2,728.2,742,755.65,769.75,783.75,798.35,814.15,831.7,848.9,862.45,872.95,879.9,885.8,887,887.8,888.7,888.4,889.1,888.55,885.3,878.9,871.95,864.15,849.85,833.05,816.1,797.8,777.35,755.8,735.3,716.6,699.25,682.55,663.35,644.05,625.2,605.05,586.4,568.15,551.7,535.7,518.65,502.65,488.35,475.3,462.4,449.6,437.2,425.85,415.6,405.75,396.3,386.4,378.45,370.6,362.8,356.05,347.75,340.1,333,325.95,320.45,312.7,306.45,300.95,296.05,290.35,284.85,280.15,275.6,271.35,266.45,260.95,257.8,254.8,252.9,250.05,247,244.55,242,239.9,237.35,237.1,237.8,236.55,235.3,233.45,230.8,227.7,224.15,221.85,219.85,218.75,218.55,218.15,217.25,217.65,216.6,215.1,213.55,211.55,210.2,208.9,206.9,206.7,204.35,202.8,202.25,200.9,201.2,199.75,198.4,197.45,195.9,195.05,193.95,192.5,192.15,190.75,190.2,190.4,190.3,189.95,190.8,191.7,193.7,195.05,196.15,197.4,196.85,195.5,194.5,193.1,191.2,189.2,187.25,185.55,184.85,184.25,182.95,180.9,178.8,176.5,174.3,171.45,169.3,168.25,166.25,165.05,163.85,163.65,162.9,162.5,162.45,162.75,162.7,162.5,161.45,161.2,161.35,161.6,161.15,161.8,161.5,161.85,162.8,154.55,147,139.05,131.2,123.25,115.3,107.4,99.6,91.5,normal
70,167.85,186,206.1,225.6,245.55,265.05,284.25,304.6,323,341.6,358.5,367.05,367.35,366.55,365.25,365.5,364.75,366.35,368.65,371.35,375.85,380.55,383.3,386.9,390.55,394.8,398.8,401.4,406.15,411.4,417.2,421.6,426.4,430.2,433.4,435.85,438.35,438.55,439.1,438.85,434.4,430.65,426.35,421.95,416.2,410.55,405.5,401.35,398,393.55,387.6,383.65,379.5,376.6,373.15,369.45,366.45,363.65,360.45,357.6,357,356,355.45,355.8,356.4,356.9,357.9,358.95,359.65,360.35,363.5,366.3,369.55,372.85,376.75,381.25,385.1,389.1,393.85,398.5,401.5,404.5,408.2,410.65,415,419.65,423.85,427.3,430.65,434.05,437.45,441.75,445.05,448.45,453.3,458.55,463.8,469.25,472.95,479.05,483.95,489.65,494.75,500.8,507.45,514.15,520.6,527.95,536.8,545.95,554.9,562.95,571.85,580.35,589.35,598.55,609.9,620.65,635.05,648.05,661.65,675.85,689.1,703.25,715.9,729.65,744.5,758.65,772.8,787.65,801.65,817.05,833.9,849.75,862.2,873.3,881,887.3,889.55,890.45,891.15,891.6,892.75,891.4,887.05,880.35,872.8,864.3,849.55,832.2,815.4,797.45,777.65,757.9,738.7,719.7,699.6,681.95,665.75,647.15,629.6,612.45,594.2,575.8,559.2,542.35,525.2,508.8,495.95,482.75,470.2,457.35,446.05,434.5,424.1,414.45,406.55,397.35,386.3,376.95,367.65,356.25,347.35,339.4,333.05,326.8,321,313.15,307.75,303.8,301.05,296.75,291.25,286.8,282.45,277.25,272.05,266,261.85,258.8,256,254.3,251.1,248.6,245.75,243.65,241.25,241.95,240.8,238.75,235.6,233.5,231.5,229.6,226.55,224.8,223.8,223.7,224,222.7,223.05,222.05,221.45,220.9,220.15,219.35,217.9,215.65,213.15,211.85,209.2,206.55,203.9,201.3,199.6,197.9,195.95,194.65,193.4,193.2,191.3,190.15,189.6,189.1,188.65,188.3,189.05,189.55,189.95,191.1,193.15,194.7,197.15,199.25,201.1,201.1,201.2,200.85,199.95,199.75,198.6,197.4,195.8,193.35,190.55,188,185.2,182.4,179.95,177.7,176.65,176.1,173.75,171.7,169.95,168.7,167.5,165.95,165.05,163.85,163.35,163.45,163.45,164.7,165.65,165.55,165.9,166,166.05,165.75,165.8,156.85,148.8,140.8,132.6,124.75,116.65,108.75,100.7,92.7,normal